open_time;ticker;open;high;low;close;adj_close;volume;ema_200p;ema_200p_diff;rsi;previsao;s_open_time;type;ema_adj_close_200p;ema_adj_close_200p_diff;ema_close_200p;ema_close_200p_diff
1648148400000;CEBR6.SA;13.99;13.99;13.99;13.99;13.99;400;14.3;-2.16;51.18;ESTAVEL;2022-03-24 19:00:00;stocks;14.13;-0.99;14.13;-0.99
1648213200000;CEBR6.SA;14.09;14.09;14.09;14.09;14.09;0;14.3;-1.45;55.74;ESTAVEL;2022-03-25 13:00:00;stocks;14.13;-0.28;14.13;-0.28
1648216800000;CEBR6.SA;14.0;14.1;14.0;14.1;14.1;2000;14.29;-1.36;56.18;ESTAVEL;2022-03-25 14:00:00;stocks;14.13;-0.21;14.13;-0.21
1648220400000;CEBR6.SA;14.0;14.0;14.0;14.0;14.0;700;14.29;-2.04;50.74;ESTAVEL;2022-03-25 15:00:00;stocks;14.13;-0.91;14.13;-0.91
1648224000000;CEBR6.SA;14.0;14.0;13.98;13.98;13.98;300;14.29;-2.16;49.71;ESTAVEL;2022-03-25 16:00:00;stocks;14.13;-1.03;14.13;-1.03
1648227600000;CEBR6.SA;13.91;13.91;13.9;13.9;13.9;2200;14.28;-2.69;45.69;ESTAVEL;2022-03-25 17:00:00;stocks;14.12;-1.58;14.12;-1.58
1648231200000;CEBR6.SA;13.9;13.9;13.9;13.9;13.9;1300;14.28;-2.67;45.69;ESTAVEL;2022-03-25 18:00:00;stocks;14.12;-1.57;14.12;-1.57
1648234800000;CEBR6.SA;14.0;14.0;13.78;13.8;13.8;3600;14.28;-3.33;40.9;ESTAVEL;2022-03-25 19:00:00;stocks;14.12;-2.25;14.12;-2.25
1648472400000;CEBR6.SA;15.0;16.0;15.0;15.9;15.9;10200;14.29;11.25;82.47;CAIR;2022-03-28 13:00:00;stocks;14.14;12.47;14.14;12.47
1648476000000;CEBR6.SA;15.95;16.95;15.72;16.5;16.5;9800;14.31;15.27;85.59;CAIR;2022-03-28 14:00:00;stocks;14.16;16.49;14.16;16.49
1648479600000;CEBR6.SA;16.79;16.9;15.9;16.0;16.0;11200;14.33;11.64;73.81;CAIR;2022-03-28 15:00:00;stocks;14.19;12.79;14.19;12.79
1648483200000;CEBR6.SA;16.0;16.23;15.9;16.02;16.02;5000;14.35;11.65;73.96;CAIR;2022-03-28 16:00:00;stocks;14.21;12.77;14.21;12.77
1648486800000;CEBR6.SA;16.02;16.02;15.8;15.9;15.9;2100;14.36;10.69;71.25;CAIR;2022-03-28 17:00:00;stocks;14.23;11.77;14.23;11.77
1648490400000;CEBR6.SA;15.9;15.99;15.5;15.99;15.99;8600;14.38;11.19;72.07;CAIR;2022-03-28 18:00:00;stocks;14.25;12.25;14.25;12.25
1648494000000;CEBR6.SA;15.9;15.9;15.6;15.6;15.6;12000;14.39;8.38;63.54;ESTAVEL;2022-03-28 19:00:00;stocks;14.26;9.39;14.26;9.39
1648558800000;CEBR6.SA;16.2;17.64;16.2;16.91;16.91;0;14.42;17.28;74.47;CAIR;2022-03-29 13:00:00;stocks;14.29;18.33;14.29;18.33
1648562400000;CEBR6.SA;17.0;17.2;16.51;16.51;16.51;5300;14.44;14.34;67.79;ESTAVEL;2022-03-29 14:00:00;stocks;14.32;15.33;14.32;15.33
1648566000000;CEBR6.SA;16.51;17.19;16.1;16.9;16.9;8000;14.46;16.84;70.56;CAIR;2022-03-29 15:00:00;stocks;14.34;17.82;14.34;17.82
1648569600000;CEBR6.SA;16.65;17.08;16.61;16.64;16.64;7700;14.49;14.86;66.45;ESTAVEL;2022-03-29 16:00:00;stocks;14.37;15.8;14.37;15.8
1648573200000;CEBR6.SA;16.65;16.9;16.65;16.67;16.67;1900;14.51;14.9;66.69;ESTAVEL;2022-03-29 17:00:00;stocks;14.4;15.8;14.4;15.8
1648576800000;CEBR6.SA;16.67;16.99;16.65;16.65;16.65;2200;14.53;14.59;66.35;ESTAVEL;2022-03-29 18:00:00;stocks;14.42;15.46;14.42;15.46
1648580400000;CEBR6.SA;16.65;17.19;16.61;16.99;16.99;4700;14.56;16.73;69.24;ESTAVEL;2022-03-29 19:00:00;stocks;14.45;17.58;14.45;17.58
1648645200000;CEBR6.SA;17.0;17.75;17.0;17.31;17.31;0;14.58;18.7;71.71;CAIR;2022-03-30 13:00:00;stocks;14.48;19.53;14.48;19.53
1648648800000;CEBR6.SA;17.3;18.0;17.3;17.51;17.51;18900;14.61;19.83;73.15;CAIR;2022-03-30 14:00:00;stocks;14.52;20.63;14.52;20.63
1648652400000;CEBR6.SA;17.5;17.6;17.41;17.43;17.43;5200;14.64;19.05;71.58;CAIR;2022-03-30 15:00:00;stocks;14.55;19.81;14.55;19.81
1648656000000;CEBR6.SA;17.43;17.68;17.42;17.42;17.42;5000;14.67;18.75;71.37;CAIR;2022-03-30 16:00:00;stocks;14.58;19.48;14.58;19.48
1648659600000;CEBR6.SA;17.42;17.91;17.42;17.5;17.5;5700;14.7;19.07;72.06;CAIR;2022-03-30 17:00:00;stocks;14.61;19.76;14.61;19.76
1648663200000;CEBR6.SA;17.48;17.55;17.44;17.44;17.44;3900;14.73;18.43;70.68;CAIR;2022-03-30 18:00:00;stocks;14.64;19.1;14.64;19.1
1648666800000;CEBR6.SA;17.41;17.55;17.4;17.5;17.5;2000;14.75;18.62;71.27;CAIR;2022-03-30 19:00:00;stocks;14.68;19.25;14.68;19.25
1648731600000;CEBR6.SA;17.93;17.94;17.85;17.93;17.93;0;14.79;21.27;75.17;CAIR;2022-03-31 13:00:00;stocks;14.71;21.88;14.71;21.88
1648735200000;CEBR6.SA;17.93;18.5;17.93;18.13;18.13;5300;14.82;22.34;76.75;CAIR;2022-03-31 14:00:00;stocks;14.75;22.92;14.75;22.92
1648738800000;CEBR6.SA;18.13;18.25;18.12;18.25;18.25;4300;14.85;22.86;77.67;CAIR;2022-03-31 15:00:00;stocks;14.79;23.41;14.79;23.41
1648742400000;CEBR6.SA;18.25;18.4;18.15;18.15;18.15;14300;14.89;21.92;75.01;CAIR;2022-03-31 16:00:00;stocks;14.82;22.43;14.82;22.43
1648746000000;CEBR6.SA;18.13;18.13;17.96;17.96;17.96;3700;14.92;20.39;70.1;CAIR;2022-03-31 17:00:00;stocks;14.86;20.87;14.86;20.87
1648749600000;CEBR6.SA;17.96;18.0;17.95;17.96;17.96;2300;14.95;20.14;70.1;CAIR;2022-03-31 18:00:00;stocks;14.89;20.59;14.89;20.59
1648753200000;CEBR6.SA;17.96;18.21;17.95;18.21;18.21;6000;14.98;21.55;72.81;CAIR;2022-03-31 19:00:00;stocks;14.93;21.97;14.93;21.97
1648818000000;CEBR6.SA;18.2;18.21;17.61;18.13;18.13;0;15.01;20.76;70.61;CAIR;2022-04-01 13:00:00;stocks;14.97;21.15;14.97;21.15
1648821600000;CEBR6.SA;17.92;18.0;17.77;17.97;17.97;4900;15.04;19.46;66.28;ESTAVEL;2022-04-01 14:00:00;stocks;15.0;19.81;15.0;19.81
1648825200000;CEBR6.SA;18.0;18.11;17.81;17.91;17.91;6200;15.07;18.83;64.67;ESTAVEL;2022-04-01 15:00:00;stocks;15.03;19.16;15.03;19.16
1648828800000;CEBR6.SA;18.13;18.13;17.96;17.96;17.96;1800;15.1;18.93;65.42;ESTAVEL;2022-04-01 16:00:00;stocks;15.06;19.24;15.06;19.24
1648832400000;CEBR6.SA;17.96;17.96;17.73;17.73;17.73;6500;15.13;17.2;59.2;ESTAVEL;2022-04-01 17:00:00;stocks;15.09;17.48;15.09;17.48
1648836000000;CEBR6.SA;17.73;17.97;17.71;17.74;17.74;1600;15.15;17.07;59.38;ESTAVEL;2022-04-01 18:00:00;stocks;15.12;17.32;15.12;17.32
1648839600000;CEBR6.SA;17.74;17.94;17.74;17.94;17.94;1700;15.18;18.17;62.92;ESTAVEL;2022-04-01 19:00:00;stocks;15.15;18.41;15.15;18.41
1649077200000;CEBR6.SA;18.19;18.21;18.0;18.02;18.02;0;15.21;18.47;64.26;ESTAVEL;2022-04-04 13:00:00;stocks;15.18;18.69;15.18;18.69
1649080800000;CEBR6.SA;18.03;18.13;17.85;18.13;18.13;4700;15.24;18.96;66.08;ESTAVEL;2022-04-04 14:00:00;stocks;15.21;19.16;15.21;19.16
1649084400000;CEBR6.SA;18.01;18.18;18.0;18.15;18.15;9800;15.27;18.87;66.42;ESTAVEL;2022-04-04 15:00:00;stocks;15.25;19.04;15.25;19.04
1649088000000;CEBR6.SA;18.01;18.12;18.0;18.01;18.01;4700;15.3;17.74;61.82;ESTAVEL;2022-04-04 16:00:00;stocks;15.28;17.89;15.28;17.89
1649091600000;CEBR6.SA;18.0;18.0;17.8;17.8;17.8;1600;15.32;16.17;55.6;ESTAVEL;2022-04-04 17:00:00;stocks;15.3;16.31;15.3;16.31
1649095200000;CEBR6.SA;17.9;17.9;17.9;17.9;17.9;800;15.35;16.63;57.78;ESTAVEL;2022-04-04 18:00:00;stocks;15.33;16.75;15.33;16.75
1649098800000;CEBR6.SA;17.9;18.03;17.9;18.0;18.0;1700;15.37;17.08;59.9;ESTAVEL;2022-04-04 19:00:00;stocks;15.36;17.18;15.36;17.18
1649163600000;CEBR6.SA;18.16;18.16;18.0;18.0;18.0;0;15.4;16.87;59.9;ESTAVEL;2022-04-05 13:00:00;stocks;15.39;16.96;15.39;16.96
1649167200000;CEBR6.SA;17.9;18.0;17.85;17.85;17.85;2200;15.43;15.72;55.09;ESTAVEL;2022-04-05 14:00:00;stocks;15.42;15.79;15.42;15.79
1649170800000;CEBR6.SA;17.85;17.98;17.85;17.98;17.98;1100;15.45;16.36;58.22;ESTAVEL;2022-04-05 15:00:00;stocks;15.44;16.42;15.44;16.42
1649174400000;CEBR6.SA;17.98;17.98;17.98;17.98;17.98;100;15.48;16.17;58.22;ESTAVEL;2022-04-05 16:00:00;stocks;15.47;16.21;15.47;16.21
1649178000000;CEBR6.SA;17.98;18.21;17.98;18.2;18.2;40300;15.5;17.39;63.25;ESTAVEL;2022-04-05 17:00:00;stocks;15.5;17.41;15.5;17.41
1649181600000;CEBR6.SA;18.03;18.08;17.99;17.99;17.99;1800;15.53;15.85;56.28;ESTAVEL;2022-04-05 18:00:00;stocks;15.53;15.86;15.53;15.86
1649185200000;CEBR6.SA;17.99;18.16;17.99;18.16;18.16;1200;15.56;16.74;60.11;ESTAVEL;2022-04-05 19:00:00;stocks;15.56;16.74;15.56;16.74
1649250000000;CEBR6.SA;18.19;18.19;18.0;18.0;18.0;0;15.58;15.53;55.21;ESTAVEL;2022-04-06 13:00:00;stocks;15.58;15.51;15.58;15.51
1649253600000;CEBR6.SA;18.0;18.1;18.0;18.0;18.0;900;15.6;15.35;55.21;ESTAVEL;2022-04-06 14:00:00;stocks;15.61;15.32;15.61;15.32
1649260800000;CEBR6.SA;18.0;18.0;18.0;18.0;18.0;600;15.63;15.17;55.21;ESTAVEL;2022-04-06 16:00:00;stocks;15.63;15.13;15.63;15.13
1649264400000;CEBR6.SA;18.01;18.13;18.01;18.13;18.13;600;15.65;15.82;58.63;ESTAVEL;2022-04-06 17:00:00;stocks;15.66;15.76;15.66;15.76
1649268000000;CEBR6.SA;18.13;18.13;17.85;18.0;18.0;50000;15.68;14.81;54.18;ESTAVEL;2022-04-06 18:00:00;stocks;15.69;14.75;15.69;14.75
1649271600000;CEBR6.SA;17.86;18.2;17.86;18.11;18.11;400;15.7;15.34;57.15;ESTAVEL;2022-04-06 19:00:00;stocks;15.71;15.26;15.71;15.26
1649336400000;CEBR6.SA;18.16;18.18;18.16;18.18;18.18;0;15.73;15.6;58.97;ESTAVEL;2022-04-07 13:00:00;stocks;15.74;15.51;15.74;15.51
1649340000000;CEBR6.SA;18.17;18.2;18.17;18.2;18.2;900;15.75;15.54;59.5;ESTAVEL;2022-04-07 14:00:00;stocks;15.77;15.44;15.77;15.44
1649343600000;CEBR6.SA;18.05;18.08;18.05;18.07;18.07;800;15.77;14.55;54.57;ESTAVEL;2022-04-07 15:00:00;stocks;15.79;14.44;15.79;14.44
1649347200000;CEBR6.SA;18.07;18.07;18.0;18.0;18.0;12300;15.8;13.94;52.06;ESTAVEL;2022-04-07 16:00:00;stocks;15.81;13.83;15.81;13.83
1649350800000;CEBR6.SA;18.01;18.01;18.0;18.0;18.0;10000;15.82;13.78;52.06;ESTAVEL;2022-04-07 17:00:00;stocks;15.84;13.66;15.84;13.66
1649354400000;CEBR6.SA;18.19;18.37;18.19;18.35;18.35;2200;15.84;15.81;62.13;ESTAVEL;2022-04-07 18:00:00;stocks;15.86;15.67;15.86;15.67
1649358000000;CEBR6.SA;18.04;18.04;18.0;18.0;18.0;800;15.87;13.45;50.67;ESTAVEL;2022-04-07 19:00:00;stocks;15.89;13.3;15.89;13.3
1649422800000;CEBR6.SA;18.16;18.5;18.16;18.39;18.39;0;15.89;15.72;59.61;ESTAVEL;2022-04-08 13:00:00;stocks;15.91;15.56;15.91;15.56
1649426400000;CEBR6.SA;18.37;18.37;18.2;18.35;18.35;1500;15.92;15.29;58.44;ESTAVEL;2022-04-08 14:00:00;stocks;15.94;15.12;15.94;15.12
1649430000000;CEBR6.SA;18.2;18.2;18.2;18.2;18.2;200;15.94;14.18;54.15;ESTAVEL;2022-04-08 15:00:00;stocks;15.96;14.01;15.96;14.01
1649433600000;CEBR6.SA;18.11;18.28;18.0;18.28;18.28;2100;15.96;14.52;56.01;ESTAVEL;2022-04-08 16:00:00;stocks;15.99;14.34;15.99;14.34
1649437200000;CEBR6.SA;18.01;18.2;17.95;18.2;18.2;1900;15.99;13.85;53.67;ESTAVEL;2022-04-08 17:00:00;stocks;16.01;13.67;16.01;13.67
1649444400000;CEBR6.SA;18.2;18.2;18.2;18.2;18.2;300;16.01;13.7;53.67;ESTAVEL;2022-04-08 19:00:00;stocks;16.03;13.5;16.03;13.5
1649682000000;CEBR6.SA;18.19;18.2;18.19;18.2;18.2;0;16.03;13.54;53.67;ESTAVEL;2022-04-11 13:00:00;stocks;16.06;13.34;16.06;13.34
1649685600000;CEBR6.SA;18.2;18.21;18.16;18.16;18.16;6900;16.05;13.14;52.3;ESTAVEL;2022-04-11 14:00:00;stocks;16.08;12.93;16.08;12.93
1649689200000;CEBR6.SA;18.12;18.12;18.11;18.11;18.11;0;16.07;12.68;50.57;ESTAVEL;2022-04-11 15:00:00;stocks;16.1;12.47;16.1;12.47
1649692800000;CEBR6.SA;18.05;18.05;18.05;18.05;18.05;100;16.09;12.17;48.5;ESTAVEL;2022-04-11 16:00:00;stocks;16.12;11.96;16.12;11.96
1649696400000;CEBR6.SA;18.05;18.05;18.0;18.02;18.02;2400;16.11;11.85;47.45;ESTAVEL;2022-04-11 17:00:00;stocks;16.14;11.63;16.14;11.63
1649700000000;CEBR6.SA;17.95;17.95;17.92;17.92;17.92;300;16.13;11.1;44.03;ESTAVEL;2022-04-11 18:00:00;stocks;16.16;10.88;16.16;10.88
1649703600000;CEBR6.SA;17.96;18.04;17.9;18.04;18.04;6900;16.15;11.72;48.8;ESTAVEL;2022-04-11 19:00:00;stocks;16.18;11.49;16.18;11.49
1649772000000;CEBR6.SA;17.96;17.96;17.96;17.96;17.96;0;16.17;11.09;45.99;ESTAVEL;2022-04-12 14:00:00;stocks;16.2;10.86;16.2;10.86
1649775600000;CEBR6.SA;18.08;18.09;18.08;18.09;18.09;500;16.19;11.77;50.93;ESTAVEL;2022-04-12 15:00:00;stocks;16.22;11.53;16.22;11.53
1649779200000;CEBR6.SA;18.09;18.09;17.97;17.97;17.97;1900;16.2;10.9;46.68;ESTAVEL;2022-04-12 16:00:00;stocks;16.24;10.66;16.24;10.66
1649782800000;CEBR6.SA;17.97;18.03;17.97;18.03;18.03;400;16.22;11.15;48.97;ESTAVEL;2022-04-12 17:00:00;stocks;16.26;10.9;16.26;10.9
1649786400000;CEBR6.SA;17.99;17.99;17.92;17.92;17.92;1000;16.24;10.35;45.14;ESTAVEL;2022-04-12 18:00:00;stocks;16.27;10.11;16.27;10.11
1649790000000;CEBR6.SA;17.93;18.05;17.92;18.05;18.05;1200;16.26;11.03;50.11;ESTAVEL;2022-04-12 19:00:00;stocks;16.29;10.78;16.29;10.78
1649854800000;CEBR6.SA;18.02;18.03;17.61;17.94;17.94;0;16.27;10.24;46.29;ESTAVEL;2022-04-13 13:00:00;stocks;16.31;9.99;16.31;9.99
1649858400000;CEBR6.SA;17.72;17.72;17.71;17.71;17.71;400;16.29;8.73;39.51;ESTAVEL;2022-04-13 14:00:00;stocks;16.33;8.48;16.33;8.48
1649862000000;CEBR6.SA;17.85;17.9;17.85;17.85;17.85;1300;16.3;9.48;44.81;ESTAVEL;2022-04-13 15:00:00;stocks;16.34;9.23;16.34;9.23
1649865600000;CEBR6.SA;17.9;17.9;17.89;17.89;17.89;600;16.32;9.62;46.26;ESTAVEL;2022-04-13 16:00:00;stocks;16.36;9.37;16.36;9.37
1649869200000;CEBR6.SA;17.89;17.89;17.89;17.89;17.89;100;16.34;9.52;46.26;ESTAVEL;2022-04-13 17:00:00;stocks;16.37;9.26;16.37;9.26
1649872800000;CEBR6.SA;17.85;17.85;17.85;17.85;17.85;600;16.35;9.17;44.89;ESTAVEL;2022-04-13 18:00:00;stocks;16.39;8.91;16.39;8.91
1649876400000;CEBR6.SA;17.85;17.89;17.75;17.8;17.8;400;16.37;8.77;43.18;ESTAVEL;2022-04-13 19:00:00;stocks;16.4;8.51;16.4;8.51
1649941200000;CEBR6.SA;17.8;17.8;17.8;17.8;17.8;0;16.38;8.67;43.18;ESTAVEL;2022-04-14 13:00:00;stocks;16.42;8.41;16.42;8.41
1649944800000;CEBR6.SA;17.83;17.9;17.83;17.9;17.9;800;16.39;9.18;47.81;ESTAVEL;2022-04-14 14:00:00;stocks;16.43;8.92;16.43;8.92
1649948400000;CEBR6.SA;17.89;17.89;17.89;17.89;17.89;200;16.41;9.02;47.39;ESTAVEL;2022-04-14 15:00:00;stocks;16.45;8.76;16.45;8.76
1649952000000;CEBR6.SA;17.89;18.0;17.83;17.83;17.83;29100;16.42;8.56;44.87;ESTAVEL;2022-04-14 16:00:00;stocks;16.46;8.3;16.46;8.3
1649955600000;CEBR6.SA;18.0;18.0;17.8;17.81;17.81;26300;16.44;8.35;44.03;ESTAVEL;2022-04-14 17:00:00;stocks;16.48;8.08;16.48;8.08
1649959200000;CEBR6.SA;17.63;17.63;17.61;17.61;17.61;1000;16.45;7.05;36.63;ESTAVEL;2022-04-14 18:00:00;stocks;16.49;6.79;16.49;6.79
1649962800000;CEBR6.SA;17.63;17.97;17.61;17.97;17.97;57200;16.47;9.14;52.2;ESTAVEL;2022-04-14 19:00:00;stocks;16.51;8.87;16.51;8.87
1650286800000;CEBR6.SA;17.97;17.98;17.97;17.98;17.98;0;16.48;9.1;52.55;ESTAVEL;2022-04-18 13:00:00;stocks;16.52;8.83;16.52;8.83
1650290400000;CEBR6.SA;17.89;17.98;17.89;17.9;17.9;1000;16.49;8.52;49.44;ESTAVEL;2022-04-18 14:00:00;stocks;16.54;8.25;16.54;8.25
1650294000000;CEBR6.SA;17.98;18.0;17.98;18.0;18.0;12600;16.51;9.03;53.17;ESTAVEL;2022-04-18 15:00:00;stocks;16.55;8.76;16.55;8.76
1650301200000;CEBR6.SA;17.99;17.99;17.99;17.99;17.99;1400;16.52;8.87;52.75;ESTAVEL;2022-04-18 17:00:00;stocks;16.57;8.6;16.57;8.6
1650304800000;CEBR6.SA;17.99;18.1;17.99;18.07;18.07;5800;16.54;9.25;55.75;ESTAVEL;2022-04-18 18:00:00;stocks;16.58;8.98;16.58;8.98
1650308400000;CEBR6.SA;18.07;18.18;18.0;18.0;18.0;4400;16.55;8.73;52.6;ESTAVEL;2022-04-18 19:00:00;stocks;16.6;8.46;16.6;8.46
1650373200000;CEBR6.SA;18.19;18.19;18.0;18.0;18.0;0;16.57;8.64;52.6;ESTAVEL;2022-04-19 13:00:00;stocks;16.61;8.36;16.61;8.36
1650376800000;CEBR6.SA;18.0;18.17;18.0;18.15;18.15;4300;16.58;9.44;58.44;ESTAVEL;2022-04-19 14:00:00;stocks;16.63;9.16;16.63;9.16
1650380400000;CEBR6.SA;18.18;18.18;18.15;18.18;18.18;2200;16.6;9.51;59.51;ESTAVEL;2022-04-19 15:00:00;stocks;16.64;9.23;16.64;9.23
1650384000000;CEBR6.SA;18.19;18.29;18.19;18.2;18.2;10700;16.62;9.53;60.25;ESTAVEL;2022-04-19 16:00:00;stocks;16.66;9.25;16.66;9.25
1650387600000;CEBR6.SA;18.06;18.16;18.01;18.16;18.16;900;16.63;9.19;57.97;ESTAVEL;2022-04-19 17:00:00;stocks;16.67;8.91;16.67;8.91
1650391200000;CEBR6.SA;18.0;18.0;17.85;17.85;17.85;3800;16.64;7.24;44.09;ESTAVEL;2022-04-19 18:00:00;stocks;16.69;6.97;16.69;6.97
1650394800000;CEBR6.SA;17.96;18.18;17.7;18.18;18.18;9500;16.66;9.13;56.13;ESTAVEL;2022-04-19 19:00:00;stocks;16.7;8.84;16.7;8.84
1650459600000;CEBR6.SA;17.85;17.85;17.5;17.62;17.62;0;16.67;5.7;40.28;ESTAVEL;2022-04-20 13:00:00;stocks;16.71;5.43;16.71;5.43
1650463200000;CEBR6.SA;17.62;17.62;17.62;17.62;17.62;400;16.68;5.64;40.28;ESTAVEL;2022-04-20 14:00:00;stocks;16.72;5.37;16.72;5.37
1650466800000;CEBR6.SA;17.62;18.14;17.61;18.1;18.1;10700;16.69;8.43;53.37;ESTAVEL;2022-04-20 15:00:00;stocks;16.74;8.15;16.74;8.15
1650470400000;CEBR6.SA;18.16;18.16;18.1;18.1;18.1;1200;16.71;8.34;53.37;ESTAVEL;2022-04-20 16:00:00;stocks;16.75;8.06;16.75;8.06
1650474000000;CEBR6.SA;17.9;18.07;17.86;17.86;17.86;3500;16.72;6.83;47.35;ESTAVEL;2022-04-20 17:00:00;stocks;16.76;6.55;16.76;6.55
1650477600000;CEBR6.SA;17.86;17.86;17.51;17.51;17.51;1300;16.73;4.68;40.22;ESTAVEL;2022-04-20 18:00:00;stocks;16.77;4.42;16.77;4.42
1650481200000;CEBR6.SA;17.55;17.55;17.44;17.44;17.44;4700;16.73;4.22;38.96;ESTAVEL;2022-04-20 19:00:00;stocks;16.78;3.96;16.78;3.96
1650632400000;CEBR6.SA;17.51;17.99;17.51;17.9;17.9;4000;16.75;6.9;50.06;ESTAVEL;2022-04-22 13:00:00;stocks;16.79;6.62;16.79;6.62
1650636000000;CEBR6.SA;17.89;18.08;17.52;18.06;18.06;9800;16.76;7.77;53.24;ESTAVEL;2022-04-22 14:00:00;stocks;16.8;7.49;16.8;7.49
1650639600000;CEBR6.SA;17.99;18.07;17.99;18.07;18.07;2200;16.77;7.74;53.44;ESTAVEL;2022-04-22 15:00:00;stocks;16.81;7.47;16.81;7.47
1650643200000;CEBR6.SA;18.09;18.1;17.6;17.8;17.8;2500;16.78;6.07;47.54;ESTAVEL;2022-04-22 16:00:00;stocks;16.82;5.8;16.82;5.8
1650646800000;CEBR6.SA;17.8;18.01;17.8;18.01;18.01;200;16.79;7.24;51.98;ESTAVEL;2022-04-22 17:00:00;stocks;16.84;6.97;16.84;6.97
1650650400000;CEBR6.SA;18.06;18.1;18.06;18.1;18.1;800;16.81;7.69;53.79;ESTAVEL;2022-04-22 18:00:00;stocks;16.85;7.42;16.85;7.42
1650654000000;CEBR6.SA;18.09;18.1;18.0;18.0;18.0;5500;16.82;7.02;51.47;ESTAVEL;2022-04-22 19:00:00;stocks;16.86;6.75;16.86;6.75
1650891600000;CEBR6.SA;18.14;18.18;18.0;18.0;18.0;0;16.83;6.95;51.47;ESTAVEL;2022-04-25 13:00:00;stocks;16.87;6.68;16.87;6.68
1650895200000;CEBR6.SA;18.01;18.16;18.0;18.12;18.12;3200;16.84;7.58;54.22;ESTAVEL;2022-04-25 14:00:00;stocks;16.89;7.31;16.89;7.31
1650898800000;CEBR6.SA;18.12;18.15;18.0;18.12;18.12;9300;16.86;7.49;54.22;ESTAVEL;2022-04-25 15:00:00;stocks;16.9;7.22;16.9;7.22
1650902400000;CEBR6.SA;18.02;18.02;18.0;18.0;18.0;1900;16.87;6.71;50.88;ESTAVEL;2022-04-25 16:00:00;stocks;16.91;6.44;16.91;6.44
1650906000000;CEBR6.SA;18.11;18.13;18.0;18.0;18.0;1600;16.88;6.64;50.88;ESTAVEL;2022-04-25 17:00:00;stocks;16.92;6.37;16.92;6.37
1650909600000;CEBR6.SA;18.1;18.11;17.5;18.01;18.01;22500;16.89;6.63;51.17;ESTAVEL;2022-04-25 18:00:00;stocks;16.93;6.36;16.93;6.36
1650913200000;CEBR6.SA;18.01;18.08;18.0;18.05;18.05;10300;16.9;6.79;52.38;ESTAVEL;2022-04-25 19:00:00;stocks;16.94;6.52;16.94;6.52
1650978000000;CEBR6.SA;18.14;18.14;17.83;18.0;18.0;0;16.91;6.43;50.69;ESTAVEL;2022-04-26 13:00:00;stocks;16.96;6.16;16.96;6.16
1650981600000;CEBR6.SA;18.0;18.08;18.0;18.0;18.0;15300;16.92;6.36;50.69;ESTAVEL;2022-04-26 14:00:00;stocks;16.97;6.09;16.97;6.09
1650985200000;CEBR6.SA;18.04;18.04;18.0;18.0;18.0;3200;16.93;6.29;50.69;ESTAVEL;2022-04-26 15:00:00;stocks;16.98;6.03;16.98;6.03
1650988800000;CEBR6.SA;18.0;18.0;17.97;18.0;18.0;6700;16.95;6.22;50.69;ESTAVEL;2022-04-26 16:00:00;stocks;16.99;5.96;16.99;5.96
1650992400000;CEBR6.SA;18.0;18.07;17.98;17.98;17.98;4700;16.96;6.04;49.82;ESTAVEL;2022-04-26 17:00:00;stocks;17.0;5.78;17.0;5.78
1650996000000;CEBR6.SA;17.99;18.0;17.97;18.0;18.0;3900;16.97;6.09;50.73;ESTAVEL;2022-04-26 18:00:00;stocks;17.01;5.83;17.01;5.83
1650999600000;CEBR6.SA;18.0;18.0;17.9;18.0;18.0;6500;16.98;6.03;50.73;ESTAVEL;2022-04-26 19:00:00;stocks;17.02;5.77;17.02;5.77
1651064400000;CEBR6.SA;18.08;18.14;17.9;18.08;18.08;0;16.99;6.43;54.54;ESTAVEL;2022-04-27 13:00:00;stocks;17.03;6.17;17.03;6.17
1651068000000;CEBR6.SA;18.0;18.0;17.85;17.85;17.85;17400;17.0;5.02;43.99;ESTAVEL;2022-04-27 14:00:00;stocks;17.04;4.77;17.04;4.77
1651071600000;CEBR6.SA;17.98;18.0;17.8;17.9;17.9;9200;17.01;5.26;46.42;ESTAVEL;2022-04-27 15:00:00;stocks;17.05;5.01;17.05;5.01
1651075200000;CEBR6.SA;17.83;17.9;17.63;17.74;17.74;14200;17.01;4.28;40.39;ESTAVEL;2022-04-27 16:00:00;stocks;17.05;4.03;17.05;4.03
1651078800000;CEBR6.SA;17.75;17.91;17.75;17.89;17.89;3400;17.02;5.1;47.3;ESTAVEL;2022-04-27 17:00:00;stocks;17.06;4.85;17.06;4.85
1651082400000;CEBR6.SA;17.9;17.98;17.85;17.98;17.98;5800;17.03;5.57;50.97;ESTAVEL;2022-04-27 18:00:00;stocks;17.07;5.32;17.07;5.32
1651086000000;CEBR6.SA;18.05;18.06;17.65;17.65;17.65;14200;17.04;3.6;39.97;ESTAVEL;2022-04-27 19:00:00;stocks;17.08;3.35;17.08;3.35
1651150800000;CEBR6.SA;14.59;14.59;13.0;13.15;13.15;0;17.0;-22.64;9.59;SUBIR;2022-04-28 13:00:00;stocks;17.04;-22.81;17.04;-22.81
1651154400000;CEBR6.SA;13.04;13.04;12.69;12.94;12.94;10100;16.96;-23.69;9.23;SUBIR;2022-04-28 14:00:00;stocks;16.99;-23.86;16.99;-23.86
1651158000000;CEBR6.SA;12.93;13.0;12.93;12.98;12.98;8100;16.92;-23.28;9.91;SUBIR;2022-04-28 15:00:00;stocks;16.95;-23.44;16.95;-23.44
1651161600000;CEBR6.SA;12.99;13.0;12.99;13.0;13.0;15400;16.88;-22.98;10.28;SUBIR;2022-04-28 16:00:00;stocks;16.91;-23.14;16.91;-23.14
1651165200000;CEBR6.SA;12.99;12.99;12.84;12.84;12.84;16900;16.84;-23.75;9.93;SUBIR;2022-04-28 17:00:00;stocks;16.87;-23.9;16.87;-23.9
1651168800000;CEBR6.SA;12.95;13.0;12.95;13.0;13.0;2700;16.8;-22.62;13.06;SUBIR;2022-04-28 18:00:00;stocks;16.83;-22.77;16.83;-22.77
1651172400000;CEBR6.SA;13.0;17.65;12.75;17.65;17.65;10200;16.81;5.0;58.37;ESTAVEL;2022-04-28 19:00:00;stocks;16.84;4.81;16.84;4.81
1651237200000;CEBR6.SA;13.0;13.39;12.69;13.01;13.01;0;16.77;-22.42;37.42;ESTAVEL;2022-04-29 13:00:00;stocks;16.8;-22.56;16.8;-22.56
1651240800000;CEBR6.SA;12.95;12.98;12.69;12.69;12.69;7000;16.73;-24.15;36.45;ESTAVEL;2022-04-29 14:00:00;stocks;16.76;-24.28;16.76;-24.28
1651244400000;CEBR6.SA;12.69;12.69;11.9;11.98;11.98;40900;16.68;-28.19;34.32;ESTAVEL;2022-04-29 15:00:00;stocks;16.71;-28.31;16.71;-28.31
1651248000000;CEBR6.SA;11.96;12.0;11.8;11.9;11.9;5400;16.63;-28.46;34.07;ESTAVEL;2022-04-29 16:00:00;stocks;16.66;-28.58;16.66;-28.58
1651251600000;CEBR6.SA;11.9;12.0;11.85;11.95;11.95;7100;16.59;-27.96;34.39;ESTAVEL;2022-04-29 17:00:00;stocks;16.61;-28.07;16.61;-28.07
1651255200000;CEBR6.SA;11.94;11.94;11.84;11.85;11.85;4300;16.54;-28.36;34.04;ESTAVEL;2022-04-29 18:00:00;stocks;16.56;-28.46;16.56;-28.46
1651258800000;CEBR6.SA;11.85;11.9;11.8;11.9;11.9;17200;16.49;-27.85;34.39;ESTAVEL;2022-04-29 19:00:00;stocks;16.52;-27.95;16.52;-27.95
1651496400000;CEBR6.SA;11.95;12.51;11.8;12.5;12.5;0;16.45;-24.03;38.66;ESTAVEL;2022-05-02 13:00:00;stocks;16.48;-24.13;16.48;-24.13
1651500000000;CEBR6.SA;12.52;12.99;11.96;12.0;12.0;27400;16.41;-26.87;36.53;ESTAVEL;2022-05-02 14:00:00;stocks;16.43;-26.96;16.43;-26.96
1651503600000;CEBR6.SA;12.0;12.0;11.9;11.9;11.9;3400;16.36;-27.28;36.1;ESTAVEL;2022-05-02 15:00:00;stocks;16.38;-27.37;16.38;-27.37
1651507200000;CEBR6.SA;11.98;11.99;11.98;11.99;11.99;800;16.32;-26.54;36.82;ESTAVEL;2022-05-02 16:00:00;stocks;16.34;-26.62;16.34;-26.62
1651510800000;CEBR6.SA;12.0;12.0;11.92;11.92;11.92;1900;16.28;-26.77;36.48;ESTAVEL;2022-05-02 17:00:00;stocks;16.29;-26.84;16.29;-26.84
1651514400000;CEBR6.SA;11.91;11.98;11.85;11.97;11.97;3900;16.23;-26.27;36.93;ESTAVEL;2022-05-02 18:00:00;stocks;16.25;-26.34;16.25;-26.34
1651518000000;CEBR6.SA;11.97;11.98;11.97;11.98;11.98;2100;16.19;-26.01;37.03;ESTAVEL;2022-05-02 19:00:00;stocks;16.21;-26.08;16.21;-26.08
1651582800000;CEBR6.SA;12.22;12.25;11.75;11.75;11.75;0;16.15;-27.23;35.67;ESTAVEL;2022-05-03 13:00:00;stocks;16.16;-27.29;16.16;-27.29
1651586400000;CEBR6.SA;11.75;11.89;11.7;11.89;11.89;1400;16.11;-26.17;37.18;ESTAVEL;2022-05-03 14:00:00;stocks;16.12;-26.23;16.12;-26.23
1651590000000;CEBR6.SA;11.89;11.89;11.76;11.76;11.76;1700;16.06;-26.78;36.33;ESTAVEL;2022-05-03 15:00:00;stocks;16.07;-26.83;16.07;-26.83
1651593600000;CEBR6.SA;11.89;11.89;11.71;11.71;11.71;1200;16.02;-26.9;35.99;ESTAVEL;2022-05-03 16:00:00;stocks;16.03;-26.94;16.03;-26.94
1651597200000;CEBR6.SA;11.71;11.72;11.68;11.68;11.68;8300;15.97;-26.89;35.77;ESTAVEL;2022-05-03 17:00:00;stocks;15.98;-26.93;15.98;-26.93
1651600800000;CEBR6.SA;11.69;11.71;11.68;11.7;11.7;1600;15.93;-26.56;36.05;ESTAVEL;2022-05-03 18:00:00;stocks;15.94;-26.6;15.94;-26.6
1651604400000;CEBR6.SA;11.71;11.76;11.69;11.69;11.69;3800;15.89;-26.43;35.96;ESTAVEL;2022-05-03 19:00:00;stocks;15.9;-26.46;15.9;-26.46
1651669200000;CEBR6.SA;11.71;11.8;11.0;11.0;11.0;0;15.84;-30.56;30.68;ESTAVEL;2022-05-04 13:00:00;stocks;15.85;-30.59;15.85;-30.59
1651672800000;CEBR6.SA;11.05;11.15;10.8;11.15;11.15;21800;15.79;-29.4;32.98;ESTAVEL;2022-05-04 14:00:00;stocks;15.8;-29.43;15.8;-29.43
1651676400000;CEBR6.SA;11.15;11.4;11.1;11.4;11.4;1300;15.75;-27.62;36.76;ESTAVEL;2022-05-04 15:00:00;stocks;15.75;-27.64;15.75;-27.64
1651680000000;CEBR6.SA;11.21;11.4;11.21;11.4;11.4;2600;15.71;-27.42;36.76;ESTAVEL;2022-05-04 16:00:00;stocks;15.71;-27.44;15.71;-27.44
1651683600000;CEBR6.SA;11.4;11.4;11.4;11.4;11.4;400;15.66;-27.22;36.76;ESTAVEL;2022-05-04 17:00:00;stocks;15.67;-27.23;15.67;-27.23
1651687200000;CEBR6.SA;11.4;11.47;11.4;11.4;11.4;1400;15.62;-27.02;36.76;ESTAVEL;2022-05-04 18:00:00;stocks;15.62;-27.03;15.62;-27.03
1651690800000;CEBR6.SA;11.4;11.4;11.2;11.26;11.26;2900;15.58;-27.72;35.26;ESTAVEL;2022-05-04 19:00:00;stocks;15.58;-27.72;15.58;-27.72
1651755600000;CEBR6.SA;11.07;11.26;11.04;11.1;11.1;0;15.53;-28.54;33.58;ESTAVEL;2022-05-05 13:00:00;stocks;15.53;-28.54;15.53;-28.54
1651759200000;CEBR6.SA;11.1;11.1;11.01;11.07;11.07;6000;15.49;-28.53;33.26;ESTAVEL;2022-05-05 14:00:00;stocks;15.49;-28.52;15.49;-28.52
1651762800000;CEBR6.SA;11.07;11.07;11.0;11.0;11.0;9000;15.44;-28.77;32.48;ESTAVEL;2022-05-05 15:00:00;stocks;15.44;-28.77;15.44;-28.77
1651766400000;CEBR6.SA;11.04;11.05;10.93;11.05;11.05;2500;15.4;-28.25;33.68;ESTAVEL;2022-05-05 16:00:00;stocks;15.4;-28.23;15.4;-28.23
1651770000000;CEBR6.SA;11.04;11.05;11.0;11.0;11.0;1000;15.36;-28.37;33.05;ESTAVEL;2022-05-05 17:00:00;stocks;15.35;-28.35;15.35;-28.35
1651773600000;CEBR6.SA;11.05;11.05;11.0;11.03;11.03;1800;15.31;-27.97;33.85;ESTAVEL;2022-05-05 18:00:00;stocks;15.31;-27.95;15.31;-27.95
1651777200000;CEBR6.SA;11.0;11.0;11.0;11.0;11.0;300;15.27;-27.96;33.42;ESTAVEL;2022-05-05 19:00:00;stocks;15.27;-27.94;15.27;-27.94
1651842000000;CEBR6.SA;11.0;11.01;11.0;11.0;11.0;0;15.23;-27.76;33.42;ESTAVEL;2022-05-06 13:00:00;stocks;15.22;-27.74;15.22;-27.74
1651845600000;CEBR6.SA;11.0;11.0;10.28;10.88;10.88;7800;15.18;-28.35;31.56;ESTAVEL;2022-05-06 14:00:00;stocks;15.18;-28.32;15.18;-28.32
1651849200000;CEBR6.SA;10.71;11.2;10.5;11.03;11.03;9800;15.14;-27.16;36.32;ESTAVEL;2022-05-06 15:00:00;stocks;15.14;-27.13;15.14;-27.13
1651852800000;CEBR6.SA;11.0;11.0;10.53;10.6;10.6;11300;15.1;-29.79;29.9;SUBIR;2022-05-06 16:00:00;stocks;15.09;-29.75;15.09;-29.75
1651856400000;CEBR6.SA;10.54;10.54;10.35;10.36;10.36;12100;15.05;-31.16;27.02;SUBIR;2022-05-06 17:00:00;stocks;15.04;-31.12;15.04;-31.12
1651860000000;CEBR6.SA;10.36;10.36;10.12;10.3;10.3;8500;15.0;-31.35;26.34;SUBIR;2022-05-06 18:00:00;stocks;14.99;-31.3;14.99;-31.3
1651863600000;CEBR6.SA;10.28;10.38;10.15;10.35;10.35;6800;14.96;-30.8;27.97;SUBIR;2022-05-06 19:00:00;stocks;14.95;-30.75;14.95;-30.75
1652101200000;CEBR6.SA;10.21;10.31;10.18;10.3;10.3;0;14.91;-30.92;27.32;SUBIR;2022-05-09 13:00:00;stocks;14.9;-30.87;14.9;-30.87
1652108400000;CEBR6.SA;10.28;10.28;10.15;10.15;10.15;1200;14.86;-31.71;25.41;SUBIR;2022-05-09 15:00:00;stocks;14.85;-31.66;14.85;-31.66
1652112000000;CEBR6.SA;10.13;10.13;10.02;10.09;10.09;8100;14.81;-31.89;24.67;SUBIR;2022-05-09 16:00:00;stocks;14.8;-31.84;14.8;-31.84
1652115600000;CEBR6.SA;10.09;10.19;10.09;10.16;10.16;1600;14.77;-31.2;27.34;SUBIR;2022-05-09 17:00:00;stocks;14.76;-31.15;14.76;-31.15
1652119200000;CEBR6.SA;10.14;10.14;10.05;10.05;10.05;800;14.72;-31.73;25.79;SUBIR;2022-05-09 18:00:00;stocks;14.71;-31.67;14.71;-31.67
1652122800000;CEBR6.SA;10.09;10.09;9.96;10.05;10.05;7900;14.67;-31.51;25.79;SUBIR;2022-05-09 19:00:00;stocks;14.66;-31.45;14.66;-31.45
1652187600000;CEBR6.SA;10.5;10.5;10.5;10.5;10.5;0;14.63;-28.24;41.5;ESTAVEL;2022-05-10 13:00:00;stocks;14.62;-28.18;14.62;-28.18
1652191200000;CEBR6.SA;10.2;10.5;10.0;10.0;10.0;2900;14.59;-31.44;33.11;ESTAVEL;2022-05-10 14:00:00;stocks;14.57;-31.38;14.57;-31.38
1652194800000;CEBR6.SA;10.19;10.2;10.17;10.2;10.2;2400;14.54;-29.86;38.47;ESTAVEL;2022-05-10 15:00:00;stocks;14.53;-29.79;14.53;-29.79
1652198400000;CEBR6.SA;10.2;10.2;10.2;10.2;10.2;1200;14.5;-29.65;38.47;ESTAVEL;2022-05-10 16:00:00;stocks;14.48;-29.58;14.48;-29.58
1652202000000;CEBR6.SA;10.19;10.19;10.05;10.19;10.19;2100;14.46;-29.51;38.29;ESTAVEL;2022-05-10 17:00:00;stocks;14.44;-29.44;14.44;-29.44
1652205600000;CEBR6.SA;10.13;10.19;9.09;9.64;9.64;30800;14.41;-33.1;30.06;ESTAVEL;2022-05-10 18:00:00;stocks;14.39;-33.02;14.39;-33.02
1652209200000;CEBR6.SA;9.62;9.7;9.6;9.6;9.6;4500;14.36;-33.15;29.56;SUBIR;2022-05-10 19:00:00;stocks;14.34;-33.07;14.34;-33.07
1652274000000;CEBR6.SA;9.66;9.91;9.66;9.9;9.9;0;14.32;-30.85;37.87;ESTAVEL;2022-05-11 13:00:00;stocks;14.3;-30.76;14.3;-30.76
1652277600000;CEBR6.SA;9.9;10.14;9.9;10.14;10.14;2400;14.27;-28.96;43.6;ESTAVEL;2022-05-11 14:00:00;stocks;14.26;-28.88;14.26;-28.88
1652281200000;CEBR6.SA;10.0;10.14;9.92;10.14;10.14;2300;14.23;-28.76;43.6;ESTAVEL;2022-05-11 15:00:00;stocks;14.22;-28.67;14.22;-28.67
1652284800000;CEBR6.SA;10.13;10.14;9.89;9.89;9.89;2600;14.19;-30.3;39.23;ESTAVEL;2022-05-11 16:00:00;stocks;14.17;-30.21;14.17;-30.21
1652288400000;CEBR6.SA;10.0;10.11;10.0;10.11;10.11;500;14.15;-28.55;44.5;ESTAVEL;2022-05-11 17:00:00;stocks;14.13;-28.45;14.13;-28.45
1652292000000;CEBR6.SA;10.09;10.12;9.99;10.0;10.0;8100;14.11;-29.12;42.52;ESTAVEL;2022-05-11 18:00:00;stocks;14.09;-29.02;14.09;-29.02
1652295600000;CEBR6.SA;10.01;10.01;9.88;10.01;10.01;1100;14.07;-28.84;42.77;ESTAVEL;2022-05-11 19:00:00;stocks;14.05;-28.74;14.05;-28.74
1652360400000;CEBR6.SA;10.09;10.4;10.09;10.4;10.4;0;14.03;-25.88;51.61;ESTAVEL;2022-05-12 13:00:00;stocks;14.01;-25.77;14.01;-25.77
1652364000000;CEBR6.SA;10.52;11.1;10.52;10.61;10.61;7700;14.0;-24.2;55.59;ESTAVEL;2022-05-12 14:00:00;stocks;13.98;-24.09;13.98;-24.09
1652367600000;CEBR6.SA;10.8;10.8;10.79;10.79;10.79;500;13.96;-22.73;58.72;ESTAVEL;2022-05-12 15:00:00;stocks;13.94;-22.62;13.94;-22.62
1652371200000;CEBR6.SA;10.66;10.7;10.61;10.7;10.7;1000;13.93;-23.2;56.57;ESTAVEL;2022-05-12 16:00:00;stocks;13.91;-23.08;13.91;-23.08
1652374800000;CEBR6.SA;10.7;10.7;10.5;10.5;10.5;1000;13.9;-24.45;52.02;ESTAVEL;2022-05-12 17:00:00;stocks;13.88;-24.33;13.88;-24.33
1652378400000;CEBR6.SA;10.6;10.78;10.51;10.78;10.78;5800;13.87;-22.26;57.21;ESTAVEL;2022-05-12 18:00:00;stocks;13.85;-22.14;13.85;-22.14
1652382000000;CEBR6.SA;10.56;10.76;10.4;10.76;10.76;6700;13.84;-22.23;56.74;ESTAVEL;2022-05-12 19:00:00;stocks;13.81;-22.11;13.81;-22.11
1652446800000;CEBR6.SA;10.78;10.82;10.78;10.8;10.8;0;13.81;-21.77;57.5;ESTAVEL;2022-05-13 13:00:00;stocks;13.78;-21.65;13.78;-21.65
1652450400000;CEBR6.SA;10.8;10.8;10.8;10.8;10.8;1000;13.78;-21.6;57.5;ESTAVEL;2022-05-13 14:00:00;stocks;13.75;-21.48;13.75;-21.48
1652454000000;CEBR6.SA;10.73;10.73;10.41;10.52;10.52;3800;13.74;-23.45;50.35;ESTAVEL;2022-05-13 15:00:00;stocks;13.72;-23.33;13.72;-23.33
1652457600000;CEBR6.SA;10.71;10.71;10.52;10.68;10.68;2200;13.71;-22.11;53.88;ESTAVEL;2022-05-13 16:00:00;stocks;13.69;-21.99;13.69;-21.99
1652461200000;CEBR6.SA;10.61;10.61;10.6;10.6;10.6;300;13.68;-22.52;51.89;ESTAVEL;2022-05-13 17:00:00;stocks;13.66;-22.4;13.66;-22.4
1652464800000;CEBR6.SA;10.64;10.64;10.37;10.37;10.37;4200;13.65;-24.02;46.58;ESTAVEL;2022-05-13 18:00:00;stocks;13.63;-23.9;13.63;-23.9
1652468400000;CEBR6.SA;10.28;10.56;10.28;10.56;10.56;7100;13.62;-22.45;51.04;ESTAVEL;2022-05-13 19:00:00;stocks;13.6;-22.33;13.6;-22.33
1652706000000;CEBR6.SA;10.6;11.4;10.6;11.0;11.0;0;13.59;-19.07;59.48;ESTAVEL;2022-05-16 13:00:00;stocks;13.57;-18.93;13.57;-18.93
1652709600000;CEBR6.SA;11.13;11.13;11.01;11.02;11.02;400;13.57;-18.77;59.82;ESTAVEL;2022-05-16 14:00:00;stocks;13.54;-18.63;13.54;-18.63
1652713200000;CEBR6.SA;11.04;11.1;11.03;11.1;11.1;1200;13.54;-18.03;61.21;ESTAVEL;2022-05-16 15:00:00;stocks;13.52;-17.89;13.52;-17.89
1652716800000;CEBR6.SA;11.1;11.35;11.1;11.33;11.33;4000;13.52;-16.19;64.98;ESTAVEL;2022-05-16 16:00:00;stocks;13.5;-16.05;13.5;-16.05
1652720400000;CEBR6.SA;11.33;11.33;11.33;11.33;11.33;500;13.5;-16.06;64.98;ESTAVEL;2022-05-16 17:00:00;stocks;13.48;-15.92;13.48;-15.92
1652724000000;CEBR6.SA;11.29;11.29;11.27;11.27;11.27;1400;13.48;-16.37;63.13;ESTAVEL;2022-05-16 18:00:00;stocks;13.45;-16.23;13.45;-16.23
1652727600000;CEBR6.SA;11.19;11.19;11.16;11.16;11.16;500;13.45;-17.04;59.76;ESTAVEL;2022-05-16 19:00:00;stocks;13.43;-16.9;13.43;-16.9
1652792400000;CEBR6.SA;11.51;12.0;11.51;12.0;12.0;0;13.44;-10.7;72.04;ESTAVEL;2022-05-17 13:00:00;stocks;13.42;-10.55;13.42;-10.55
1652796000000;CEBR6.SA;11.7;11.7;11.55;11.55;11.55;1100;13.42;-13.93;61.25;ESTAVEL;2022-05-17 14:00:00;stocks;13.4;-13.78;13.4;-13.78
1652799600000;CEBR6.SA;11.69;11.94;11.69;11.94;11.94;2300;13.4;-10.92;66.0;ESTAVEL;2022-05-17 15:00:00;stocks;13.38;-10.77;13.38;-10.77
1652806800000;CEBR6.SA;11.83;11.83;11.26;11.33;11.33;3100;13.38;-15.34;54.71;ESTAVEL;2022-05-17 17:00:00;stocks;13.36;-15.2;13.36;-15.2
1652810400000;CEBR6.SA;11.46;11.46;11.36;11.36;11.36;200;13.36;-14.99;55.11;ESTAVEL;2022-05-17 18:00:00;stocks;13.34;-14.85;13.34;-14.85
1652814000000;CEBR6.SA;11.44;11.61;11.33;11.45;11.45;4600;13.34;-14.2;56.38;ESTAVEL;2022-05-17 19:00:00;stocks;13.32;-14.05;13.32;-14.05
1652878800000;CEBR6.SA;11.6;12.59;11.6;11.99;11.99;0;13.33;-10.06;63.1;ESTAVEL;2022-05-18 13:00:00;stocks;13.31;-9.91;13.31;-9.91
1652882400000;CEBR6.SA;12.0;12.39;11.99;12.0;12.0;8000;13.32;-9.89;63.22;ESTAVEL;2022-05-18 14:00:00;stocks;13.3;-9.74;13.3;-9.74
1652886000000;CEBR6.SA;12.0;12.0;11.63;11.63;11.63;0;13.3;-12.56;56.34;ESTAVEL;2022-05-18 15:00:00;stocks;13.28;-12.42;13.28;-12.42
1652889600000;CEBR6.SA;12.11;12.11;11.68;11.68;11.68;500;13.28;-12.08;57.02;ESTAVEL;2022-05-18 16:00:00;stocks;13.26;-11.93;13.26;-11.93
1652893200000;CEBR6.SA;11.85;11.85;11.85;11.85;11.85;200;13.27;-10.7;59.34;ESTAVEL;2022-05-18 17:00:00;stocks;13.25;-10.56;13.25;-10.56
1652896800000;CEBR6.SA;11.85;11.99;11.85;11.99;11.99;500;13.26;-9.56;61.2;ESTAVEL;2022-05-18 18:00:00;stocks;13.24;-9.41;13.24;-9.41
1652900400000;CEBR6.SA;12.08;12.08;11.84;12.0;12.0;500;13.24;-9.4;61.33;ESTAVEL;2022-05-18 19:00:00;stocks;13.22;-9.25;13.22;-9.25
1652965200000;CEBR6.SA;12.1;12.28;12.08;12.08;12.08;0;13.23;-8.72;62.47;ESTAVEL;2022-05-19 13:00:00;stocks;13.21;-8.57;13.21;-8.57
1652968800000;CEBR6.SA;12.1;12.37;12.1;12.37;12.37;3300;13.22;-6.46;66.32;ESTAVEL;2022-05-19 14:00:00;stocks;13.2;-6.31;13.2;-6.31
1652972400000;CEBR6.SA;12.36;12.4;12.22;12.39;12.39;2800;13.22;-6.25;66.57;ESTAVEL;2022-05-19 15:00:00;stocks;13.2;-6.1;13.2;-6.1
1652976000000;CEBR6.SA;12.21;12.22;12.21;12.22;12.22;200;13.21;-7.47;62.26;ESTAVEL;2022-05-19 16:00:00;stocks;13.19;-7.32;13.19;-7.32
1652979600000;CEBR6.SA;12.22;12.25;12.2;12.2;12.2;900;13.2;-7.55;61.76;ESTAVEL;2022-05-19 17:00:00;stocks;13.18;-7.4;13.18;-7.4
1652983200000;CEBR6.SA;12.34;12.34;12.34;12.34;12.34;200;13.19;-6.43;63.97;ESTAVEL;2022-05-19 18:00:00;stocks;13.17;-6.28;13.17;-6.28
1652986800000;CEBR6.SA;12.34;12.35;12.34;12.35;12.35;1100;13.18;-6.29;64.13;ESTAVEL;2022-05-19 19:00:00;stocks;13.16;-6.15;13.16;-6.15
1653051600000;CEBR6.SA;12.52;12.7;12.5;12.7;12.7;0;13.17;-3.6;69.26;ESTAVEL;2022-05-20 13:00:00;stocks;13.15;-3.45;13.15;-3.45
1653055200000;CEBR6.SA;12.7;12.7;12.5;12.69;12.69;1200;13.17;-3.64;68.95;ESTAVEL;2022-05-20 14:00:00;stocks;13.15;-3.49;13.15;-3.49
1653058800000;CEBR6.SA;12.65;12.65;12.65;12.65;12.65;600;13.16;-3.91;67.68;ESTAVEL;2022-05-20 15:00:00;stocks;13.14;-3.76;13.14;-3.76
1653062400000;CEBR6.SA;12.69;13.0;12.68;12.76;12.76;3300;13.16;-3.05;69.36;ESTAVEL;2022-05-20 16:00:00;stocks;13.14;-2.9;13.14;-2.9
1653066000000;CEBR6.SA;12.75;12.75;12.55;12.56;12.56;2500;13.15;-4.52;62.95;ESTAVEL;2022-05-20 17:00:00;stocks;13.13;-4.38;13.13;-4.38
1653069600000;CEBR6.SA;12.69;12.93;12.6;12.6;12.6;4800;13.15;-4.18;63.67;ESTAVEL;2022-05-20 18:00:00;stocks;13.13;-4.03;13.13;-4.03
1653073200000;CEBR6.SA;12.88;13.18;12.88;13.1;13.1;5700;13.15;-0.37;71.23;ESTAVEL;2022-05-20 19:00:00;stocks;13.13;-0.22;13.13;-0.22
1653310800000;CEBR6.SA;13.48;13.6;13.4;13.6;13.6;0;13.15;3.4;76.5;CAIR;2022-05-23 13:00:00;stocks;13.13;3.55;13.13;3.55
1653314400000;CEBR6.SA;13.5;13.5;13.39;13.5;13.5;2500;13.16;2.61;73.59;CAIR;2022-05-23 14:00:00;stocks;13.14;2.76;13.14;2.76
1653318000000;CEBR6.SA;13.5;13.5;13.15;13.15;13.15;1500;13.16;-0.05;64.39;ESTAVEL;2022-05-23 15:00:00;stocks;13.14;0.09;13.14;0.09
1653321600000;CEBR6.SA;13.15;13.15;13.09;13.09;13.09;1700;13.16;-0.5;62.93;ESTAVEL;2022-05-23 16:00:00;stocks;13.14;-0.36;13.14;-0.36
1653325200000;CEBR6.SA;13.05;13.08;13.0;13.0;13.0;2700;13.15;-1.17;60.72;ESTAVEL;2022-05-23 17:00:00;stocks;13.14;-1.03;13.14;-1.03
1653328800000;CEBR6.SA;13.38;13.38;13.22;13.23;13.23;300;13.16;0.57;64.19;ESTAVEL;2022-05-23 18:00:00;stocks;13.14;0.71;13.14;0.71
1653332400000;CEBR6.SA;13.19;13.2;13.19;13.2;13.2;400;13.16;0.34;63.4;ESTAVEL;2022-05-23 19:00:00;stocks;13.14;0.48;13.14;0.48
1653397200000;CEBR6.SA;13.34;13.45;13.34;13.35;13.35;0;13.16;1.46;65.67;ESTAVEL;2022-05-24 13:00:00;stocks;13.14;1.6;13.14;1.6
1653400800000;CEBR6.SA;13.3;13.3;12.81;12.81;12.81;2800;13.15;-2.62;52.96;ESTAVEL;2022-05-24 14:00:00;stocks;13.14;-2.48;13.14;-2.48
1653408000000;CEBR6.SA;13.33;13.33;13.32;13.33;13.33;400;13.16;1.32;60.82;ESTAVEL;2022-05-24 16:00:00;stocks;13.14;1.46;13.14;1.46
1653411600000;CEBR6.SA;13.33;13.33;13.1;13.1;13.1;1100;13.16;-0.42;56.34;ESTAVEL;2022-05-24 17:00:00;stocks;13.14;-0.29;13.14;-0.29
1653415200000;CEBR6.SA;13.11;13.11;13.0;13.0;13.0;1100;13.15;-1.17;54.46;ESTAVEL;2022-05-24 18:00:00;stocks;13.14;-1.04;13.14;-1.04
1653418800000;CEBR6.SA;12.91;13.33;12.91;13.33;13.33;800;13.16;1.33;59.29;ESTAVEL;2022-05-24 19:00:00;stocks;13.14;1.46;13.14;1.46
1653483600000;CEBR6.SA;13.5;13.67;13.5;13.65;13.65;0;13.16;3.72;63.34;ESTAVEL;2022-05-25 13:00:00;stocks;13.14;3.85;13.14;3.85
1653487200000;CEBR6.SA;13.65;13.88;13.65;13.88;13.88;200;13.17;5.41;65.97;ESTAVEL;2022-05-25 14:00:00;stocks;13.15;5.54;13.15;5.54
1653490800000;CEBR6.SA;13.32;13.72;13.32;13.72;13.72;2400;13.17;4.15;62.61;ESTAVEL;2022-05-25 15:00:00;stocks;13.16;4.28;13.16;4.28
1653494400000;CEBR6.SA;13.41;13.41;13.41;13.41;13.41;100;13.18;1.78;56.6;ESTAVEL;2022-05-25 16:00:00;stocks;13.16;1.91;13.16;1.91
1653498000000;CEBR6.SA;13.41;13.61;13.31;13.31;13.31;1400;13.18;1.01;54.77;ESTAVEL;2022-05-25 17:00:00;stocks;13.16;1.13;13.16;1.13
1653501600000;CEBR6.SA;13.31;13.67;13.3;13.67;13.67;3000;13.18;3.7;59.8;ESTAVEL;2022-05-25 18:00:00;stocks;13.17;3.83;13.17;3.83
1653505200000;CEBR6.SA;13.3;13.64;13.3;13.64;13.64;800;13.19;3.44;59.21;ESTAVEL;2022-05-25 19:00:00;stocks;13.17;3.56;13.17;3.56
1653570000000;CEBR6.SA;13.57;14.2;13.57;14.1;14.1;3100;13.2;6.86;64.93;ESTAVEL;2022-05-26 13:00:00;stocks;13.18;6.98;13.18;6.98
1653573600000;CEBR6.SA;13.99;14.5;13.99;14.5;14.5;2100;13.21;9.78;69.01;ESTAVEL;2022-05-26 14:00:00;stocks;13.19;9.91;13.19;9.91
1653577200000;CEBR6.SA;14.49;14.5;14.49;14.5;14.5;4000;13.22;9.67;69.01;ESTAVEL;2022-05-26 15:00:00;stocks;13.21;9.8;13.21;9.8
1653580800000;CEBR6.SA;14.47;14.48;13.99;13.99;13.99;2300;13.23;5.75;58.89;ESTAVEL;2022-05-26 16:00:00;stocks;13.21;5.87;13.21;5.87
1653584400000;CEBR6.SA;14.18;14.49;14.18;14.35;14.35;1400;13.24;8.38;63.01;ESTAVEL;2022-05-26 17:00:00;stocks;13.23;8.5;13.23;8.5
1653588000000;CEBR6.SA;14.2;14.38;14.16;14.16;14.16;3300;13.25;6.87;59.62;ESTAVEL;2022-05-26 18:00:00;stocks;13.23;6.99;13.23;6.99
1653591600000;CEBR6.SA;14.05;14.5;14.04;14.49;14.49;1800;13.26;9.26;63.32;ESTAVEL;2022-05-26 19:00:00;stocks;13.25;9.38;13.25;9.38
1653656400000;CEBR6.SA;14.41;14.41;13.86;14.29;14.29;0;13.27;7.67;59.74;ESTAVEL;2022-05-27 13:00:00;stocks;13.26;7.79;13.26;7.79
1653660000000;CEBR6.SA;14.28;14.28;14.25;14.25;14.25;600;13.28;7.29;59.03;ESTAVEL;2022-05-27 14:00:00;stocks;13.27;7.4;13.27;7.4
1653663600000;CEBR6.SA;14.24;14.24;14.2;14.2;14.2;400;13.29;6.84;58.09;ESTAVEL;2022-05-27 15:00:00;stocks;13.28;6.95;13.28;6.95
1653667200000;CEBR6.SA;14.02;14.02;13.91;13.99;13.99;2900;13.3;5.21;54.19;ESTAVEL;2022-05-27 16:00:00;stocks;13.28;5.31;13.28;5.31
1653670800000;CEBR6.SA;13.99;14.23;13.99;14.23;14.23;1600;13.31;6.94;57.68;ESTAVEL;2022-05-27 17:00:00;stocks;13.29;7.04;13.29;7.04
1653674400000;CEBR6.SA;13.96;14.1;13.8;13.98;13.98;6200;13.31;5.0;53.14;ESTAVEL;2022-05-27 18:00:00;stocks;13.3;5.11;13.3;5.11
1653678000000;CEBR6.SA;13.99;14.0;13.68;13.75;13.75;4500;13.32;3.24;49.29;ESTAVEL;2022-05-27 19:00:00;stocks;13.31;3.34;13.31;3.34
1653915600000;CEBR6.SA;13.7;13.7;12.62;12.89;12.89;0;13.31;-3.18;38.16;ESTAVEL;2022-05-30 13:00:00;stocks;13.3;-3.09;13.3;-3.09
1653919200000;CEBR6.SA;12.89;13.2;12.89;13.0;13.0;3800;13.31;-2.33;40.02;ESTAVEL;2022-05-30 14:00:00;stocks;13.3;-2.24;13.3;-2.24
1653922800000;CEBR6.SA;12.94;13.08;12.93;13.01;13.01;900;13.31;-2.24;40.2;ESTAVEL;2022-05-30 15:00:00;stocks;13.3;-2.14;13.3;-2.14
1653926400000;CEBR6.SA;13.05;13.15;13.02;13.04;13.04;1200;13.3;-1.99;40.76;ESTAVEL;2022-05-30 16:00:00;stocks;13.29;-1.9;13.29;-1.9
1653930000000;CEBR6.SA;13.13;13.28;13.09;13.28;13.28;1900;13.3;-0.19;45.21;ESTAVEL;2022-05-30 17:00:00;stocks;13.29;-0.09;13.29;-0.09
1653933600000;CEBR6.SA;13.28;13.28;13.2;13.2;13.2;800;13.3;-0.78;44.02;ESTAVEL;2022-05-30 18:00:00;stocks;13.29;-0.69;13.29;-0.69
1653937200000;CEBR6.SA;13.2;13.35;13.05;13.05;13.05;3300;13.3;-1.89;41.81;ESTAVEL;2022-05-30 19:00:00;stocks;13.29;-1.8;13.29;-1.8
1654002000000;CEBR6.SA;13.05;14.0;13.05;13.5;13.5;0;13.3;1.48;49.95;ESTAVEL;2022-05-31 13:00:00;stocks;13.29;1.57;13.29;1.57
1654005600000;CEBR6.SA;13.79;13.98;13.5;13.98;13.98;1800;13.31;5.03;56.88;ESTAVEL;2022-05-31 14:00:00;stocks;13.3;5.13;13.3;5.13
1654009200000;CEBR6.SA;13.92;14.01;13.92;14.0;14.0;1300;13.32;5.13;57.14;ESTAVEL;2022-05-31 15:00:00;stocks;13.31;5.22;13.31;5.22
1654012800000;CEBR6.SA;14.0;14.05;14.0;14.05;14.05;200;13.32;5.45;57.84;ESTAVEL;2022-05-31 16:00:00;stocks;13.31;5.54;13.31;5.54
1654016400000;CEBR6.SA;13.82;13.82;13.5;13.5;13.5;2300;13.33;1.31;48.46;ESTAVEL;2022-05-31 17:00:00;stocks;13.31;1.39;13.31;1.39
1654020000000;CEBR6.SA;13.5;13.5;13.32;13.32;13.32;800;13.33;-0.04;45.84;ESTAVEL;2022-05-31 18:00:00;stocks;13.31;0.04;13.31;0.04
1654023600000;CEBR6.SA;13.48;13.48;13.4;13.4;13.4;200;13.33;0.55;47.2;ESTAVEL;2022-05-31 19:00:00;stocks;13.32;0.64;13.32;0.64
1654088400000;CEBR6.SA;13.47;13.55;13.47;13.55;13.55;0;13.33;1.66;49.76;ESTAVEL;2022-06-01 13:00:00;stocks;13.32;1.74;13.32;1.74
1654092000000;CEBR6.SA;13.5;13.5;13.2;13.36;13.36;1000;13.33;0.23;46.68;ESTAVEL;2022-06-01 14:00:00;stocks;13.32;0.31;13.32;0.31
1654095600000;CEBR6.SA;13.41;13.41;13.41;13.41;13.41;300;13.33;0.6;47.6;ESTAVEL;2022-06-01 15:00:00;stocks;13.32;0.68;13.32;0.68
1654099200000;CEBR6.SA;13.41;13.41;13.41;13.41;13.41;400;13.33;0.6;47.6;ESTAVEL;2022-06-01 16:00:00;stocks;13.32;0.68;13.32;0.68
1654102800000;CEBR6.SA;13.42;13.6;13.41;13.6;13.6;1400;13.33;2.0;51.31;ESTAVEL;2022-06-01 17:00:00;stocks;13.32;2.08;13.32;2.08
1654106400000;CEBR6.SA;13.61;13.61;13.57;13.57;13.57;600;13.34;1.76;50.7;ESTAVEL;2022-06-01 18:00:00;stocks;13.33;1.84;13.33;1.84
1654110000000;CEBR6.SA;13.58;13.58;13.25;13.41;13.41;3200;13.34;0.55;47.46;ESTAVEL;2022-06-01 19:00:00;stocks;13.33;0.63;13.33;0.63
1654174800000;CEBR6.SA;13.24;13.74;13.24;13.74;13.74;0;13.34;3.0;53.99;ESTAVEL;2022-06-02 13:00:00;stocks;13.33;3.07;13.33;3.07
1654178400000;CEBR6.SA;13.56;13.56;13.56;13.56;13.56;600;13.34;1.63;50.31;ESTAVEL;2022-06-02 14:00:00;stocks;13.33;1.71;13.33;1.71
1654182000000;CEBR6.SA;13.55;13.55;13.39;13.54;13.54;700;13.34;1.46;49.91;ESTAVEL;2022-06-02 15:00:00;stocks;13.33;1.54;13.33;1.54
1654185600000;CEBR6.SA;13.35;13.51;13.34;13.51;13.51;900;13.35;1.23;49.26;ESTAVEL;2022-06-02 16:00:00;stocks;13.34;1.3;13.34;1.3
1654192800000;CEBR6.SA;13.46;13.48;13.45;13.45;13.45;2000;13.35;0.77;47.93;ESTAVEL;2022-06-02 18:00:00;stocks;13.34;0.84;13.34;0.84
1654196400000;CEBR6.SA;13.45;13.5;13.33;13.35;13.35;1200;13.35;0.02;45.72;ESTAVEL;2022-06-02 19:00:00;stocks;13.34;0.09;13.34;0.09
1654261200000;CEBR6.SA;13.31;13.31;13.31;13.31;13.31;0;13.35;-0.28;44.83;ESTAVEL;2022-06-03 13:00:00;stocks;13.34;-0.2;13.34;-0.2
1654268400000;CEBR6.SA;13.44;13.44;13.44;13.44;13.44;200;13.35;0.69;48.36;ESTAVEL;2022-06-03 15:00:00;stocks;13.34;0.76;13.34;0.76
1654272000000;CEBR6.SA;13.44;13.44;13.44;13.44;13.44;900;13.35;0.68;48.36;ESTAVEL;2022-06-03 16:00:00;stocks;13.34;0.75;13.34;0.75
1654275600000;CEBR6.SA;13.42;13.47;13.42;13.47;13.47;2900;13.35;0.9;49.22;ESTAVEL;2022-06-03 17:00:00;stocks;13.34;0.97;13.34;0.97
1654279200000;CEBR6.SA;13.47;13.47;13.43;13.43;13.43;1100;13.35;0.59;48.06;ESTAVEL;2022-06-03 18:00:00;stocks;13.34;0.66;13.34;0.66
1654282800000;CEBR6.SA;13.4;13.43;13.4;13.42;13.42;1200;13.35;0.51;47.76;ESTAVEL;2022-06-03 19:00:00;stocks;13.34;0.58;13.34;0.58
1654520400000;CEBR6.SA;13.41;13.65;13.32;13.65;13.65;0;13.35;2.21;54.82;ESTAVEL;2022-06-06 13:00:00;stocks;13.35;2.28;13.35;2.28
1654524000000;CEBR6.SA;13.3;13.3;13.3;13.3;13.3;100;13.35;-0.4;44.88;ESTAVEL;2022-06-06 14:00:00;stocks;13.34;-0.34;13.34;-0.34
1654527600000;CEBR6.SA;13.44;13.46;13.44;13.46;13.46;1400;13.35;0.79;49.4;ESTAVEL;2022-06-06 15:00:00;stocks;13.35;0.85;13.35;0.85
1654531200000;CEBR6.SA;13.37;13.37;13.37;13.37;13.37;300;13.36;0.11;47.06;ESTAVEL;2022-06-06 16:00:00;stocks;13.35;0.18;13.35;0.18
1654534800000;CEBR6.SA;13.36;13.42;13.36;13.42;13.42;300;13.36;0.48;48.52;ESTAVEL;2022-06-06 17:00:00;stocks;13.35;0.55;13.35;0.55
1654538400000;CEBR6.SA;13.39;13.4;13.23;13.23;13.23;1400;13.35;-0.93;43.61;ESTAVEL;2022-06-06 18:00:00;stocks;13.35;-0.87;13.35;-0.87
1654542000000;CEBR6.SA;13.22;13.38;13.22;13.38;13.38;1500;13.35;0.19;48.08;ESTAVEL;2022-06-06 19:00:00;stocks;13.35;0.25;13.35;0.25
1654606800000;CEBR6.SA;13.1;13.1;13.1;13.1;13.1;0;13.35;-1.89;41.47;ESTAVEL;2022-06-07 13:00:00;stocks;13.34;-1.83;13.34;-1.83
1654610400000;CEBR6.SA;13.08;13.08;13.05;13.08;13.08;400;13.35;-2.02;41.03;ESTAVEL;2022-06-07 14:00:00;stocks;13.34;-1.96;13.34;-1.96
1654614000000;CEBR6.SA;13.07;13.07;13.04;13.07;13.07;400;13.35;-2.07;40.81;ESTAVEL;2022-06-07 15:00:00;stocks;13.34;-2.01;13.34;-2.01
1654617600000;CEBR6.SA;13.06;13.1;13.04;13.1;13.1;1300;13.34;-1.83;41.86;ESTAVEL;2022-06-07 16:00:00;stocks;13.34;-1.77;13.34;-1.77
1654621200000;CEBR6.SA;13.1;13.1;13.1;13.1;13.1;100;13.34;-1.81;41.86;ESTAVEL;2022-06-07 17:00:00;stocks;13.33;-1.75;13.33;-1.75
1654624800000;CEBR6.SA;13.23;13.23;13.23;13.23;13.23;400;13.34;-0.83;46.62;ESTAVEL;2022-06-07 18:00:00;stocks;13.33;-0.77;13.33;-0.77
1654628400000;CEBR6.SA;13.39;13.39;13.39;13.39;13.39;200;13.34;0.37;51.86;ESTAVEL;2022-06-07 19:00:00;stocks;13.33;0.43;13.33;0.43
1654696800000;CEBR6.SA;13.2;13.21;13.2;13.2;13.2;300;13.34;-1.05;46.08;ESTAVEL;2022-06-08 14:00:00;stocks;13.33;-0.99;13.33;-0.99
1654704000000;CEBR6.SA;13.2;13.2;13.2;13.2;13.2;400;13.34;-1.04;46.08;ESTAVEL;2022-06-08 16:00:00;stocks;13.33;-0.98;13.33;-0.98
1654711200000;CEBR6.SA;13.2;13.38;13.2;13.38;13.38;300;13.34;0.31;51.96;ESTAVEL;2022-06-08 18:00:00;stocks;13.33;0.37;13.33;0.37
1654714800000;CEBR6.SA;13.2;13.3;13.16;13.3;13.3;400;13.34;-0.29;49.38;ESTAVEL;2022-06-08 19:00:00;stocks;13.33;-0.23;13.33;-0.23
1654779600000;CEBR6.SA;13.15;13.19;13.12;13.12;13.12;0;13.34;-1.62;44.08;ESTAVEL;2022-06-09 13:00:00;stocks;13.33;-1.57;13.33;-1.57
1654783200000;CEBR6.SA;13.3;13.3;13.3;13.3;13.3;1000;13.34;-0.27;49.88;ESTAVEL;2022-06-09 14:00:00;stocks;13.33;-0.21;13.33;-0.21
1654786800000;CEBR6.SA;13.14;13.14;13.0;13.0;13.0;1200;13.33;-2.49;42.06;ESTAVEL;2022-06-09 15:00:00;stocks;13.33;-2.44;13.33;-2.44
1654794000000;CEBR6.SA;13.1;13.1;13.1;13.1;13.1;300;13.33;-1.73;45.14;ESTAVEL;2022-06-09 17:00:00;stocks;13.32;-1.67;13.32;-1.67
1654801200000;CEBR6.SA;13.13;13.39;13.13;13.39;13.39;300;13.33;0.44;52.97;ESTAVEL;2022-06-09 19:00:00;stocks;13.32;0.5;13.32;0.5
1654866000000;CEBR6.SA;13.22;13.22;13.0;13.01;13.01;0;13.33;-2.38;44.09;ESTAVEL;2022-06-10 13:00:00;stocks;13.32;-2.33;13.32;-2.33
1654869600000;CEBR6.SA;13.0;13.55;12.56;13.2;13.2;9600;13.33;-0.95;48.72;ESTAVEL;2022-06-10 14:00:00;stocks;13.32;-0.89;13.32;-0.89
1654873200000;CEBR6.SA;12.9;13.0;12.8;13.0;13.0;1500;13.32;-2.43;44.54;ESTAVEL;2022-06-10 15:00:00;stocks;13.32;-2.37;13.32;-2.37
1654876800000;CEBR6.SA;13.0;13.01;13.0;13.01;13.01;1900;13.32;-2.33;44.8;ESTAVEL;2022-06-10 16:00:00;stocks;13.31;-2.28;13.31;-2.28
1654884000000;CEBR6.SA;13.0;13.0;12.9;13.0;13.0;4000;13.32;-2.38;44.58;ESTAVEL;2022-06-10 18:00:00;stocks;13.31;-2.33;13.31;-2.33
1654887600000;CEBR6.SA;12.98;13.0;12.85;13.0;13.0;2200;13.31;-2.36;44.58;ESTAVEL;2022-06-10 19:00:00;stocks;13.31;-2.3;13.31;-2.3
1655125200000;CEBR6.SA;13.16;13.17;12.5;12.5;12.5;0;13.31;-6.05;34.67;ESTAVEL;2022-06-13 13:00:00;stocks;13.3;-6.01;13.3;-6.01
1655128800000;CEBR6.SA;12.5;12.5;11.9;12.4;12.4;800;13.3;-6.74;33.09;ESTAVEL;2022-06-13 14:00:00;stocks;13.29;-6.69;13.29;-6.69
1655132400000;CEBR6.SA;12.79;12.79;12.79;12.79;12.79;100;13.29;-3.77;43.86;ESTAVEL;2022-06-13 15:00:00;stocks;13.28;-3.72;13.28;-3.72
1655136000000;CEBR6.SA;12.48;12.6;12.42;12.6;12.6;1200;13.28;-5.15;40.44;ESTAVEL;2022-06-13 16:00:00;stocks;13.28;-5.11;13.28;-5.11
1655143200000;CEBR6.SA;12.78;12.79;12.78;12.79;12.79;200;13.28;-3.69;45.05;ESTAVEL;2022-06-13 18:00:00;stocks;13.27;-3.64;13.27;-3.64
1655146800000;CEBR6.SA;12.5;12.99;12.47;12.47;12.47;700;13.27;-6.04;39.51;ESTAVEL;2022-06-13 19:00:00;stocks;13.26;-5.99;13.26;-5.99
1655211600000;CEBR6.SA;13.1;13.1;13.0;13.0;13.0;0;13.27;-2.03;50.39;ESTAVEL;2022-06-14 13:00:00;stocks;13.26;-1.98;13.26;-1.98
1655218800000;CEBR6.SA;12.62;12.8;12.26;12.7;12.7;5400;13.26;-4.25;45.41;ESTAVEL;2022-06-14 15:00:00;stocks;13.26;-4.2;13.26;-4.2
1655222400000;CEBR6.SA;12.78;12.99;12.76;12.99;12.99;700;13.26;-2.04;50.51;ESTAVEL;2022-06-14 16:00:00;stocks;13.25;-1.99;13.25;-1.99
1655229600000;CEBR6.SA;12.48;12.48;12.48;12.48;12.48;100;13.25;-5.83;42.92;ESTAVEL;2022-06-14 18:00:00;stocks;13.25;-5.79;13.25;-5.79
1655233200000;CEBR6.SA;12.98;13.01;12.53;12.53;12.53;1400;13.25;-5.4;43.81;ESTAVEL;2022-06-14 19:00:00;stocks;13.24;-5.36;13.24;-5.36
1655298000000;CEBR6.SA;13.06;13.17;12.26;12.26;12.26;0;13.24;-7.37;40.17;ESTAVEL;2022-06-15 13:00:00;stocks;13.23;-7.33;13.23;-7.33
1655301600000;CEBR6.SA;12.34;12.7;12.25;12.7;12.7;6000;13.23;-4.01;47.79;ESTAVEL;2022-06-15 14:00:00;stocks;13.22;-3.96;13.22;-3.96
1655308800000;CEBR6.SA;12.7;12.8;12.6;12.8;12.8;1000;13.23;-3.22;49.37;ESTAVEL;2022-06-15 16:00:00;stocks;13.22;-3.18;13.22;-3.18
1655312400000;CEBR6.SA;12.95;12.96;12.89;12.96;12.96;900;13.22;-1.99;51.88;ESTAVEL;2022-06-15 17:00:00;stocks;13.22;-1.95;13.22;-1.95
1655470800000;CEBR6.SA;13.0;13.0;13.0;13.0;13.0;0;13.22;-1.67;52.51;ESTAVEL;2022-06-17 13:00:00;stocks;13.22;-1.63;13.22;-1.63
1655474400000;CEBR6.SA;12.79;12.84;12.56;12.84;12.84;1800;13.22;-2.86;49.69;ESTAVEL;2022-06-17 14:00:00;stocks;13.21;-2.81;13.21;-2.81
1655478000000;CEBR6.SA;12.74;12.74;12.62;12.62;12.62;300;13.21;-4.48;46.04;ESTAVEL;2022-06-17 15:00:00;stocks;13.21;-4.43;13.21;-4.43
1655481600000;CEBR6.SA;12.77;12.79;12.75;12.79;12.79;800;13.21;-3.16;49.15;ESTAVEL;2022-06-17 16:00:00;stocks;13.2;-3.12;13.2;-3.12
1655485200000;CEBR6.SA;12.63;12.78;12.63;12.75;12.75;1900;13.2;-3.43;48.44;ESTAVEL;2022-06-17 17:00:00;stocks;13.2;-3.39;13.2;-3.39
1655488800000;CEBR6.SA;12.62;12.64;12.61;12.63;12.63;700;13.2;-4.3;46.29;ESTAVEL;2022-06-17 18:00:00;stocks;13.19;-4.25;13.19;-4.25
1655492400000;CEBR6.SA;12.84;12.84;12.84;12.84;12.84;100;13.19;-2.68;50.44;ESTAVEL;2022-06-17 19:00:00;stocks;13.19;-2.64;13.19;-2.64
1655730000000;CEBR6.SA;12.85;13.2;12.85;13.2;13.2;0;13.19;0.05;56.64;ESTAVEL;2022-06-20 13:00:00;stocks;13.19;0.09;13.19;0.09
1655733600000;CEBR6.SA;13.2;13.2;12.63;12.63;12.63;3000;13.19;-4.23;46.69;ESTAVEL;2022-06-20 14:00:00;stocks;13.18;-4.19;13.18;-4.19
1655740800000;CEBR6.SA;12.99;12.99;12.99;12.99;12.99;100;13.19;-1.49;52.38;ESTAVEL;2022-06-20 16:00:00;stocks;13.18;-1.44;13.18;-1.44
1655748000000;CEBR6.SA;12.9;12.9;12.88;12.88;12.88;600;13.18;-2.3;50.6;ESTAVEL;2022-06-20 18:00:00;stocks;13.18;-2.26;13.18;-2.26
1655751600000;CEBR6.SA;12.89;12.9;12.88;12.88;12.88;2800;13.18;-2.28;50.6;ESTAVEL;2022-06-20 19:00:00;stocks;13.17;-2.23;13.17;-2.23
1655816400000;CEBR6.SA;13.19;13.19;13.15;13.15;13.15;0;13.18;-0.22;54.95;ESTAVEL;2022-06-21 13:00:00;stocks;13.17;-0.18;13.17;-0.18
1655820000000;CEBR6.SA;13.18;14.4;13.15;14.4;14.4;5200;13.19;9.16;68.7;ESTAVEL;2022-06-21 14:00:00;stocks;13.19;9.2;13.19;9.2
1655823600000;CEBR6.SA;13.17;13.37;13.1;13.1;13.1;1500;13.19;-0.69;51.2;ESTAVEL;2022-06-21 15:00:00;stocks;13.19;-0.65;13.19;-0.65
1655827200000;CEBR6.SA;13.15;13.15;13.1;13.1;13.1;1200;13.19;-0.68;51.2;ESTAVEL;2022-06-21 16:00:00;stocks;13.18;-0.64;13.18;-0.64
1655838000000;CEBR6.SA;13.11;13.11;13.1;13.1;13.1;200;13.19;-0.68;51.2;ESTAVEL;2022-06-21 19:00:00;stocks;13.18;-0.64;13.18;-0.64
1655902800000;CEBR6.SA;13.86;13.86;12.83;12.83;12.83;0;13.19;-2.7;48.03;ESTAVEL;2022-06-22 13:00:00;stocks;13.18;-2.66;13.18;-2.66
1655906400000;CEBR6.SA;12.83;12.83;12.82;12.82;12.82;300;13.18;-2.75;47.91;ESTAVEL;2022-06-22 14:00:00;stocks;13.18;-2.71;13.18;-2.71
1655910000000;CEBR6.SA;13.8;13.8;13.8;13.8;13.8;300;13.19;4.64;58.67;ESTAVEL;2022-06-22 15:00:00;stocks;13.18;4.68;13.18;4.68
1655913600000;CEBR6.SA;13.6;13.6;13.6;13.6;13.6;100;13.19;3.09;56.12;ESTAVEL;2022-06-22 16:00:00;stocks;13.19;3.13;13.19;3.13
1655917200000;CEBR6.SA;13.59;13.59;12.86;12.86;12.86;200;13.19;-2.49;47.84;ESTAVEL;2022-06-22 17:00:00;stocks;13.18;-2.46;13.18;-2.46
1655924400000;CEBR6.SA;13.49;13.49;13.49;13.49;13.49;100;13.19;2.26;54.05;ESTAVEL;2022-06-22 19:00:00;stocks;13.19;2.3;13.19;2.3
1655989200000;CEBR6.SA;13.49;13.5;13.3;13.3;13.3;0;13.19;0.81;52.04;ESTAVEL;2022-06-23 13:00:00;stocks;13.19;0.85;13.19;0.85
1655992800000;CEBR6.SA;13.3;13.3;13.3;13.3;13.3;100;13.19;0.8;52.04;ESTAVEL;2022-06-23 14:00:00;stocks;13.19;0.84;13.19;0.84
1655996400000;CEBR6.SA;13.46;13.87;13.46;13.77;13.77;1300;13.2;4.32;56.67;ESTAVEL;2022-06-23 15:00:00;stocks;13.19;4.36;13.19;4.36
1656000000000;CEBR6.SA;13.47;13.6;13.46;13.46;13.46;500;13.2;1.95;53.03;ESTAVEL;2022-06-23 16:00:00;stocks;13.2;1.99;13.2;1.99
1656003600000;CEBR6.SA;13.46;13.46;13.46;13.46;13.46;300;13.2;1.93;53.03;ESTAVEL;2022-06-23 17:00:00;stocks;13.2;1.97;13.2;1.97
1656007200000;CEBR6.SA;13.46;13.46;13.37;13.37;13.37;1300;13.21;1.24;51.91;ESTAVEL;2022-06-23 18:00:00;stocks;13.2;1.27;13.2;1.27
1656010800000;CEBR6.SA;13.43;13.6;13.43;13.43;13.43;2100;13.21;1.68;52.63;ESTAVEL;2022-06-23 19:00:00;stocks;13.2;1.71;13.2;1.71
1656075600000;CEBR6.SA;13.79;13.79;13.61;13.61;13.61;0;13.21;3.01;54.82;ESTAVEL;2022-06-24 13:00:00;stocks;13.21;3.04;13.21;3.04
1656079200000;CEBR6.SA;13.6;13.62;13.09;13.4;13.4;900;13.21;1.4;51.81;ESTAVEL;2022-06-24 14:00:00;stocks;13.21;1.44;13.21;1.44
1656082800000;CEBR6.SA;13.53;13.53;13.1;13.1;13.1;1200;13.21;-0.86;47.79;ESTAVEL;2022-06-24 15:00:00;stocks;13.21;-0.82;13.21;-0.82
1656097200000;CEBR6.SA;13.59;13.62;13.28;13.62;13.62;1000;13.22;3.05;54.4;ESTAVEL;2022-06-24 19:00:00;stocks;13.21;3.08;13.21;3.08
1656334800000;CEBR6.SA;13.63;14.0;13.63;14.0;14.0;0;13.23;5.86;58.53;ESTAVEL;2022-06-27 13:00:00;stocks;13.22;5.89;13.22;5.89
1656338400000;CEBR6.SA;13.98;13.98;13.68;13.68;13.68;700;13.23;3.4;54.09;ESTAVEL;2022-06-27 14:00:00;stocks;13.23;3.44;13.23;3.44
1656342000000;CEBR6.SA;13.84;13.96;13.84;13.95;13.95;400;13.24;5.39;57.05;ESTAVEL;2022-06-27 15:00:00;stocks;13.23;5.42;13.23;5.42
1656345600000;CEBR6.SA;13.71;13.88;13.66;13.87;13.87;1200;13.24;4.73;55.9;ESTAVEL;2022-06-27 16:00:00;stocks;13.24;4.77;13.24;4.77
1656349200000;CEBR6.SA;13.9;13.9;13.9;13.9;13.9;100;13.25;4.91;56.26;ESTAVEL;2022-06-27 17:00:00;stocks;13.25;4.94;13.25;4.94
1656352800000;CEBR6.SA;13.81;13.81;13.0;13.1;13.1;11200;13.25;-1.12;45.66;ESTAVEL;2022-06-27 18:00:00;stocks;13.24;-1.09;13.24;-1.09
1656356400000;CEBR6.SA;13.39;13.71;13.39;13.71;13.71;1000;13.25;3.45;52.94;ESTAVEL;2022-06-27 19:00:00;stocks;13.25;3.48;13.25;3.48
1656421200000;CEBR6.SA;13.67;14.05;13.67;14.05;14.05;0;13.26;5.95;56.44;ESTAVEL;2022-06-28 13:00:00;stocks;13.26;5.98;13.26;5.98
1656424800000;CEBR6.SA;13.7;13.7;13.65;13.65;13.65;300;13.26;2.9;51.58;ESTAVEL;2022-06-28 14:00:00;stocks;13.26;2.94;13.26;2.94
1656428400000;CEBR6.SA;13.65;13.65;13.65;13.65;13.65;100;13.27;2.87;51.58;ESTAVEL;2022-06-28 15:00:00;stocks;13.26;2.91;13.26;2.91
1656432000000;CEBR6.SA;13.64;13.65;13.64;13.65;13.65;400;13.27;2.85;51.58;ESTAVEL;2022-06-28 16:00:00;stocks;13.27;2.88;13.27;2.88
1656435600000;CEBR6.SA;13.64;13.64;13.33;13.33;13.33;400;13.27;0.43;47.49;ESTAVEL;2022-06-28 17:00:00;stocks;13.27;0.46;13.27;0.46
1656442800000;CEBR6.SA;13.33;13.89;13.33;13.89;13.89;500;13.28;4.6;54.31;ESTAVEL;2022-06-28 19:00:00;stocks;13.28;4.63;13.28;4.63
1656507600000;CEBR6.SA;13.74;14.08;13.74;14.04;14.04;0;13.29;5.67;55.97;ESTAVEL;2022-06-29 13:00:00;stocks;13.28;5.7;13.28;5.7
1656511200000;CEBR6.SA;13.7;13.74;13.67;13.67;13.67;1300;13.29;2.86;51.06;ESTAVEL;2022-06-29 14:00:00;stocks;13.29;2.88;13.29;2.88
1656514800000;CEBR6.SA;13.44;13.44;13.3;13.3;13.3;2700;13.29;0.07;46.66;ESTAVEL;2022-06-29 15:00:00;stocks;13.29;0.1;13.29;0.1
1656518400000;CEBR6.SA;13.22;13.22;13.22;13.22;13.22;100;13.29;-0.53;45.74;ESTAVEL;2022-06-29 16:00:00;stocks;13.29;-0.5;13.29;-0.5
1656522000000;CEBR6.SA;13.34;13.34;13.34;13.34;13.34;100;13.29;0.37;47.41;ESTAVEL;2022-06-29 17:00:00;stocks;13.29;0.4;13.29;0.4
1656525600000;CEBR6.SA;13.36;13.51;13.35;13.51;13.51;500;13.29;1.64;49.77;ESTAVEL;2022-06-29 18:00:00;stocks;13.29;1.66;13.29;1.66
1656529200000;CEBR6.SA;13.55;13.55;13.4;13.4;13.4;1200;13.29;0.8;48.27;ESTAVEL;2022-06-29 19:00:00;stocks;13.29;0.83;13.29;0.83
1656594000000;CEBR6.SA;13.34;13.34;13.34;13.34;13.34;0;13.29;0.35;47.42;ESTAVEL;2022-06-30 13:00:00;stocks;13.29;0.37;13.29;0.37
1656597600000;CEBR6.SA;13.94;13.94;13.94;13.94;13.94;100;13.3;4.81;55.76;ESTAVEL;2022-06-30 14:00:00;stocks;13.3;4.84;13.3;4.84
1656601200000;CEBR6.SA;13.34;13.34;13.34;13.34;13.34;100;13.3;0.29;47.62;ESTAVEL;2022-06-30 15:00:00;stocks;13.3;0.32;13.3;0.32
1656608400000;CEBR6.SA;13.5;13.81;13.5;13.81;13.81;1300;13.31;3.79;53.37;ESTAVEL;2022-06-30 17:00:00;stocks;13.3;3.81;13.3;3.81
1656612000000;CEBR6.SA;13.77;13.77;13.37;13.37;13.37;600;13.31;0.48;48.06;ESTAVEL;2022-06-30 18:00:00;stocks;13.3;0.5;13.3;0.5
1656615600000;CEBR6.SA;13.37;13.37;13.37;13.37;13.37;0;13.31;0.47;48.06;ESTAVEL;2022-06-30 19:00:00;stocks;13.3;0.5;13.3;0.5
1656680400000;CEBR6.SA;13.7;13.94;13.69;13.7;13.7;0;13.31;2.92;52.19;ESTAVEL;2022-07-01 13:00:00;stocks;13.31;2.95;13.31;2.95
1656684000000;CEBR6.SA;13.7;13.7;13.7;13.7;13.7;100;13.31;2.89;52.19;ESTAVEL;2022-07-01 14:00:00;stocks;13.31;2.92;13.31;2.92
1656687600000;CEBR6.SA;13.7;13.75;13.7;13.75;13.75;600;13.32;3.23;52.85;ESTAVEL;2022-07-01 15:00:00;stocks;13.32;3.26;13.32;3.26
1656691200000;CEBR6.SA;13.6;13.6;13.6;13.6;13.6;0;13.32;2.09;50.6;ESTAVEL;2022-07-01 16:00:00;stocks;13.32;2.11;13.32;2.11
1656694800000;CEBR6.SA;13.6;13.6;13.34;13.5;13.5;1500;13.32;1.32;49.09;ESTAVEL;2022-07-01 17:00:00;stocks;13.32;1.35;13.32;1.35
1656698400000;CEBR6.SA;13.5;13.7;13.5;13.7;13.7;400;13.33;2.79;52.16;ESTAVEL;2022-07-01 18:00:00;stocks;13.32;2.82;13.32;2.82
1656939600000;CEBR6.SA;13.5;13.92;13.5;13.92;13.92;0;13.33;4.4;55.34;ESTAVEL;2022-07-04 13:00:00;stocks;13.33;4.42;13.33;4.42
1656943200000;CEBR6.SA;13.91;13.91;13.58;13.58;13.58;1000;13.34;1.83;49.82;ESTAVEL;2022-07-04 14:00:00;stocks;13.33;1.85;13.33;1.85
1656946800000;CEBR6.SA;13.43;13.43;13.43;13.43;13.43;300;13.34;0.7;47.57;ESTAVEL;2022-07-04 15:00:00;stocks;13.33;0.72;13.33;0.72
1656950400000;CEBR6.SA;13.43;13.48;13.18;13.48;13.48;1800;13.34;1.06;48.41;ESTAVEL;2022-07-04 16:00:00;stocks;13.34;1.08;13.34;1.08
1656954000000;CEBR6.SA;13.27;13.39;13.2;13.39;13.39;2600;13.34;0.38;46.95;ESTAVEL;2022-07-04 17:00:00;stocks;13.34;0.41;13.34;0.41
1656957600000;CEBR6.SA;13.25;13.25;13.2;13.2;13.2;700;13.34;-1.03;43.95;ESTAVEL;2022-07-04 18:00:00;stocks;13.33;-1.01;13.33;-1.01
1656961200000;CEBR6.SA;13.25;13.25;13.23;13.25;13.25;2700;13.34;-0.65;44.95;ESTAVEL;2022-07-04 19:00:00;stocks;13.33;-0.63;13.33;-0.63
1657026000000;CEBR6.SA;13.25;13.83;13.25;13.83;13.83;0;13.34;3.66;54.96;ESTAVEL;2022-07-05 13:00:00;stocks;13.34;3.68;13.34;3.68
1657029600000;CEBR6.SA;13.58;13.58;13.58;13.58;13.58;100;13.34;1.77;50.68;ESTAVEL;2022-07-05 14:00:00;stocks;13.34;1.79;13.34;1.79
1657033200000;CEBR6.SA;13.25;13.25;13.0;13.02;13.02;3600;13.34;-2.4;42.67;ESTAVEL;2022-07-05 15:00:00;stocks;13.34;-2.38;13.34;-2.38
1657036800000;CEBR6.SA;13.02;13.02;12.8;12.8;12.8;2700;13.34;-4.01;39.99;ESTAVEL;2022-07-05 16:00:00;stocks;13.33;-3.99;13.33;-3.99
1657040400000;CEBR6.SA;12.83;12.83;12.83;12.83;12.83;2000;13.33;-3.75;40.54;ESTAVEL;2022-07-05 17:00:00;stocks;13.33;-3.73;13.33;-3.73
1657044000000;CEBR6.SA;12.9;13.46;12.9;13.46;13.46;400;13.33;0.96;50.71;ESTAVEL;2022-07-05 18:00:00;stocks;13.33;0.98;13.33;0.98
1657047600000;CEBR6.SA;13.46;13.46;13.3;13.3;13.3;200;13.33;-0.23;48.44;ESTAVEL;2022-07-05 19:00:00;stocks;13.33;-0.21;13.33;-0.21
1657116000000;CEBR6.SA;13.5;13.5;13.5;13.5;13.5;0;13.33;1.25;51.37;ESTAVEL;2022-07-06 14:00:00;stocks;13.33;1.27;13.33;1.27
1657119600000;CEBR6.SA;13.45;13.45;13.45;13.45;13.45;200;13.33;0.87;50.6;ESTAVEL;2022-07-06 15:00:00;stocks;13.33;0.89;13.33;0.89
1657123200000;CEBR6.SA;13.45;13.45;13.15;13.15;13.15;700;13.33;-1.37;46.11;ESTAVEL;2022-07-06 16:00:00;stocks;13.33;-1.35;13.33;-1.35
1657126800000;CEBR6.SA;13.16;13.18;13.16;13.18;13.18;1300;13.33;-1.13;46.62;ESTAVEL;2022-07-06 17:00:00;stocks;13.33;-1.11;13.33;-1.11
1657130400000;CEBR6.SA;13.2;13.2;13.15;13.15;13.15;3200;13.33;-1.34;46.15;ESTAVEL;2022-07-06 18:00:00;stocks;13.33;-1.32;13.33;-1.32
1657134000000;CEBR6.SA;13.15;13.16;13.15;13.15;13.15;500;13.33;-1.33;46.15;ESTAVEL;2022-07-06 19:00:00;stocks;13.32;-1.31;13.32;-1.31
1657198800000;CEBR6.SA;13.49;13.6;13.49;13.59;13.59;0;13.33;1.95;54.03;ESTAVEL;2022-07-07 13:00:00;stocks;13.33;1.97;13.33;1.97
1657202400000;CEBR6.SA;13.6;13.6;13.15;13.15;13.15;2600;13.33;-1.34;46.68;ESTAVEL;2022-07-07 14:00:00;stocks;13.33;-1.32;13.33;-1.32
1657206000000;CEBR6.SA;13.25;13.3;13.19;13.25;13.25;6500;13.33;-0.58;48.4;ESTAVEL;2022-07-07 15:00:00;stocks;13.32;-0.56;13.32;-0.56
1657209600000;CEBR6.SA;13.26;13.47;13.25;13.25;13.25;800;13.33;-0.57;48.4;ESTAVEL;2022-07-07 16:00:00;stocks;13.32;-0.56;13.32;-0.56
1657213200000;CEBR6.SA;13.26;13.26;13.23;13.23;13.23;4300;13.33;-0.72;48.04;ESTAVEL;2022-07-07 17:00:00;stocks;13.32;-0.7;13.32;-0.7
1657216800000;CEBR6.SA;13.2;13.43;13.2;13.39;13.39;700;13.33;0.48;51.16;ESTAVEL;2022-07-07 18:00:00;stocks;13.32;0.5;13.32;0.5
1657220400000;CEBR6.SA;13.23;13.38;13.19;13.38;13.38;600;13.33;0.4;50.95;ESTAVEL;2022-07-07 19:00:00;stocks;13.32;0.42;13.32;0.42
1657285200000;CEBR6.SA;13.38;13.81;13.38;13.81;13.81;0;13.33;3.59;58.67;ESTAVEL;2022-07-08 13:00:00;stocks;13.33;3.61;13.33;3.61
1657296000000;CEBR6.SA;13.2;13.2;13.2;13.2;13.2;100;13.33;-0.98;47.3;ESTAVEL;2022-07-08 16:00:00;stocks;13.33;-0.96;13.33;-0.96
1657299600000;CEBR6.SA;13.4;13.69;13.4;13.69;13.69;200;13.33;2.67;54.87;ESTAVEL;2022-07-08 17:00:00;stocks;13.33;2.69;13.33;2.69
1657303200000;CEBR6.SA;13.69;13.69;13.4;13.4;13.4;800;13.33;0.49;50.27;ESTAVEL;2022-07-08 18:00:00;stocks;13.33;0.51;13.33;0.51
1657544400000;CEBR6.SA;13.13;13.13;13.08;13.12;13.12;0;13.33;-1.59;46.24;ESTAVEL;2022-07-11 13:00:00;stocks;13.33;-1.58;13.33;-1.58
1657548000000;CEBR6.SA;13.28;13.28;13.28;13.28;13.28;100;13.33;-0.39;48.77;ESTAVEL;2022-07-11 14:00:00;stocks;13.33;-0.37;13.33;-0.37
1657551600000;CEBR6.SA;13.28;13.28;13.28;13.28;13.28;200;13.33;-0.38;48.77;ESTAVEL;2022-07-11 15:00:00;stocks;13.33;-0.37;13.33;-0.37
1657558800000;CEBR6.SA;13.28;13.6;13.13;13.6;13.6;500;13.33;2.0;53.8;ESTAVEL;2022-07-11 17:00:00;stocks;13.33;2.01;13.33;2.01
1657562400000;CEBR6.SA;13.13;13.13;13.13;13.13;13.13;500;13.33;-1.51;46.56;ESTAVEL;2022-07-11 18:00:00;stocks;13.33;-1.5;13.33;-1.5
1657630800000;CEBR6.SA;13.05;13.05;13.05;13.05;13.05;0;13.33;-2.09;45.44;ESTAVEL;2022-07-12 13:00:00;stocks;13.33;-2.08;13.33;-2.08
1657634400000;CEBR6.SA;13.03;13.03;12.95;12.95;12.95;1000;13.33;-2.82;44.01;ESTAVEL;2022-07-12 14:00:00;stocks;13.32;-2.8;13.32;-2.8
1657638000000;CEBR6.SA;12.91;12.95;12.91;12.95;12.95;1400;13.32;-2.79;44.01;ESTAVEL;2022-07-12 15:00:00;stocks;13.32;-2.77;13.32;-2.77
1657641600000;CEBR6.SA;13.08;13.08;13.08;13.08;13.08;0;13.32;-1.8;46.54;ESTAVEL;2022-07-12 16:00:00;stocks;13.32;-1.78;13.32;-1.78
1657645200000;CEBR6.SA;12.92;13.18;12.9;13.18;13.18;2100;13.32;-1.03;48.47;ESTAVEL;2022-07-12 17:00:00;stocks;13.32;-1.02;13.32;-1.02
1657648800000;CEBR6.SA;13.15;13.15;12.95;13.01;13.01;1300;13.31;-2.29;45.47;ESTAVEL;2022-07-12 18:00:00;stocks;13.31;-2.27;13.31;-2.27
1657652400000;CEBR6.SA;12.95;12.95;12.95;12.95;12.95;100;13.31;-2.71;44.42;ESTAVEL;2022-07-12 19:00:00;stocks;13.31;-2.7;13.31;-2.7
1657717200000;CEBR6.SA;12.8;12.8;12.56;12.7;12.7;0;13.3;-4.55;40.26;ESTAVEL;2022-07-13 13:00:00;stocks;13.3;-4.53;13.3;-4.53
1657720800000;CEBR6.SA;12.74;12.76;12.6;12.66;12.66;4200;13.3;-4.8;39.63;ESTAVEL;2022-07-13 14:00:00;stocks;13.3;-4.79;13.3;-4.79
1657724400000;CEBR6.SA;12.67;12.72;12.67;12.7;12.7;5500;13.29;-4.46;40.64;ESTAVEL;2022-07-13 15:00:00;stocks;13.29;-4.44;13.29;-4.44
1657728000000;CEBR6.SA;12.79;12.79;12.79;12.79;12.79;100;13.29;-3.74;42.96;ESTAVEL;2022-07-13 16:00:00;stocks;13.29;-3.73;13.29;-3.73
1657731600000;CEBR6.SA;12.8;12.8;12.8;12.8;12.8;300;13.28;-3.63;43.23;ESTAVEL;2022-07-13 17:00:00;stocks;13.28;-3.62;13.28;-3.62
1657735200000;CEBR6.SA;12.8;12.8;12.8;12.8;12.8;1000;13.28;-3.6;43.23;ESTAVEL;2022-07-13 18:00:00;stocks;13.28;-3.59;13.28;-3.59
1657738800000;CEBR6.SA;12.75;12.77;12.65;12.65;12.65;2300;13.27;-4.68;39.99;ESTAVEL;2022-07-13 19:00:00;stocks;13.27;-4.67;13.27;-4.67
1657803600000;CEBR6.SA;11.94;12.25;11.75;12.25;12.25;0;13.26;-7.63;32.9;ESTAVEL;2022-07-14 13:00:00;stocks;13.26;-7.61;13.26;-7.61
1657807200000;CEBR6.SA;12.0;12.14;12.0;12.09;12.09;900;13.25;-8.75;30.57;ESTAVEL;2022-07-14 14:00:00;stocks;13.25;-8.74;13.25;-8.74
1657810800000;CEBR6.SA;12.13;12.16;12.13;12.16;12.16;700;13.24;-8.15;32.81;ESTAVEL;2022-07-14 15:00:00;stocks;13.24;-8.14;13.24;-8.14
1657814400000;CEBR6.SA;12.0;12.0;11.93;12.0;12.0;1000;13.23;-9.27;30.39;ESTAVEL;2022-07-14 16:00:00;stocks;13.22;-9.26;13.22;-9.26
1657818000000;CEBR6.SA;12.01;12.01;12.0;12.0;12.0;600;13.21;-9.19;30.39;ESTAVEL;2022-07-14 17:00:00;stocks;13.21;-9.18;13.21;-9.18
1657821600000;CEBR6.SA;12.0;12.0;12.0;12.0;12.0;300;13.2;-9.11;30.39;ESTAVEL;2022-07-14 18:00:00;stocks;13.2;-9.09;13.2;-9.09
1657825200000;CEBR6.SA;11.98;12.05;11.96;11.99;11.99;1300;13.19;-9.1;30.22;ESTAVEL;2022-07-14 19:00:00;stocks;13.19;-9.09;13.19;-9.09
1657890000000;CEBR6.SA;12.19;12.3;11.8;12.06;12.06;2300;13.18;-8.49;33.11;ESTAVEL;2022-07-15 13:00:00;stocks;13.18;-8.48;13.18;-8.48
1657893600000;CEBR6.SA;12.0;12.0;12.0;12.0;12.0;10300;13.17;-8.87;31.89;ESTAVEL;2022-07-15 14:00:00;stocks;13.17;-8.85;13.17;-8.85
1657897200000;CEBR6.SA;11.88;11.88;11.88;11.88;11.88;100;13.15;-9.69;29.55;SUBIR;2022-07-15 15:00:00;stocks;13.15;-9.68;13.15;-9.68
1657900800000;CEBR6.SA;12.05;12.05;12.05;12.05;12.05;100;13.14;-8.32;36.64;ESTAVEL;2022-07-15 16:00:00;stocks;13.14;-8.31;13.14;-8.31
1657904400000;CEBR6.SA;12.05;12.05;12.05;12.05;12.05;500;13.13;-8.24;36.64;ESTAVEL;2022-07-15 17:00:00;stocks;13.13;-8.23;13.13;-8.23
1657908000000;CEBR6.SA;12.0;12.05;12.0;12.05;12.05;600;13.12;-8.17;36.64;ESTAVEL;2022-07-15 18:00:00;stocks;13.12;-8.16;13.12;-8.16
1657911600000;CEBR6.SA;12.05;12.05;12.05;12.05;12.05;800;13.11;-8.09;36.64;ESTAVEL;2022-07-15 19:00:00;stocks;13.11;-8.08;13.11;-8.08
1658149200000;CEBR6.SA;12.24;12.24;12.09;12.09;12.09;0;13.1;-7.72;38.6;ESTAVEL;2022-07-18 13:00:00;stocks;13.1;-7.71;13.1;-7.71
1658152800000;CEBR6.SA;12.0;12.0;12.0;12.0;12.0;100;13.09;-8.33;35.91;ESTAVEL;2022-07-18 14:00:00;stocks;13.09;-8.32;13.09;-8.32
1658156400000;CEBR6.SA;12.0;12.0;12.0;12.0;12.0;200;13.08;-8.25;35.91;ESTAVEL;2022-07-18 15:00:00;stocks;13.08;-8.24;13.08;-8.24
1658160000000;CEBR6.SA;12.05;12.05;11.95;11.95;11.95;500;13.07;-8.56;34.37;ESTAVEL;2022-07-18 16:00:00;stocks;13.07;-8.54;13.07;-8.54
1658163600000;CEBR6.SA;11.92;11.92;11.91;11.91;11.91;200;13.06;-8.78;33.14;ESTAVEL;2022-07-18 17:00:00;stocks;13.05;-8.77;13.05;-8.77
1658167200000;CEBR6.SA;11.97;11.97;11.88;11.88;11.88;1000;13.04;-8.93;32.22;ESTAVEL;2022-07-18 18:00:00;stocks;13.04;-8.92;13.04;-8.92
1658170800000;CEBR6.SA;11.96;11.99;11.87;11.99;11.99;1000;13.03;-8.01;38.96;ESTAVEL;2022-07-18 19:00:00;stocks;13.03;-8.0;13.03;-8.0
1658239200000;CEBR6.SA;12.21;12.21;11.96;11.96;11.96;300;13.02;-8.17;37.86;ESTAVEL;2022-07-19 14:00:00;stocks;13.02;-8.15;13.02;-8.15
1658246400000;CEBR6.SA;12.1;12.1;12.09;12.1;12.1;500;13.01;-7.03;45.62;ESTAVEL;2022-07-19 16:00:00;stocks;13.01;-7.01;13.01;-7.01
1658250000000;CEBR6.SA;12.1;12.1;12.1;12.1;12.1;100;13.01;-6.96;45.62;ESTAVEL;2022-07-19 17:00:00;stocks;13.0;-6.95;13.0;-6.95
1658253600000;CEBR6.SA;12.1;12.1;12.05;12.05;12.05;1000;13.0;-7.28;43.38;ESTAVEL;2022-07-19 18:00:00;stocks;12.99;-7.27;12.99;-7.27
1658257200000;CEBR6.SA;12.1;12.1;12.09;12.1;12.1;300;12.99;-6.83;46.23;ESTAVEL;2022-07-19 19:00:00;stocks;12.99;-6.82;12.99;-6.82
1658322000000;CEBR6.SA;12.2;12.26;12.08;12.17;12.17;0;12.98;-6.23;50.02;ESTAVEL;2022-07-20 13:00:00;stocks;12.98;-6.22;12.98;-6.22
1658325600000;CEBR6.SA;12.01;12.01;11.94;11.94;11.94;2200;12.97;-7.93;40.03;ESTAVEL;2022-07-20 14:00:00;stocks;12.97;-7.92;12.97;-7.92
1658332800000;CEBR6.SA;12.12;12.12;12.12;12.12;12.12;500;12.96;-6.48;48.67;ESTAVEL;2022-07-20 16:00:00;stocks;12.96;-6.47;12.96;-6.47
1658336400000;CEBR6.SA;12.01;12.01;11.97;11.97;11.97;1300;12.95;-7.57;43.1;ESTAVEL;2022-07-20 17:00:00;stocks;12.95;-7.56;12.95;-7.56
1658340000000;CEBR6.SA;11.97;11.97;11.89;11.89;11.89;1900;12.94;-8.11;40.44;ESTAVEL;2022-07-20 18:00:00;stocks;12.94;-8.1;12.94;-8.1
1658343600000;CEBR6.SA;12.09;12.09;11.89;11.9;11.9;800;12.93;-7.96;40.93;ESTAVEL;2022-07-20 19:00:00;stocks;12.93;-7.95;12.93;-7.95
1658412000000;CEBR6.SA;11.74;11.74;11.61;11.67;11.67;300;12.92;-9.65;33.99;ESTAVEL;2022-07-21 14:00:00;stocks;12.92;-9.64;12.92;-9.64
1658415600000;CEBR6.SA;11.68;11.89;11.64;11.89;11.89;1400;12.91;-7.88;43.8;ESTAVEL;2022-07-21 15:00:00;stocks;12.9;-7.86;12.9;-7.86
1658419200000;CEBR6.SA;11.85;11.85;11.85;11.85;11.85;100;12.9;-8.11;42.56;ESTAVEL;2022-07-21 16:00:00;stocks;12.89;-8.1;12.89;-8.1
1658422800000;CEBR6.SA;11.85;11.85;11.75;11.75;11.75;200;12.88;-8.81;39.55;ESTAVEL;2022-07-21 17:00:00;stocks;12.88;-8.79;12.88;-8.79
1658430000000;CEBR6.SA;12.0;12.0;11.71;11.99;11.99;1500;12.88;-6.88;48.9;ESTAVEL;2022-07-21 19:00:00;stocks;12.87;-6.87;12.87;-6.87
1658494800000;CEBR6.SA;12.0;12.0;12.0;12.0;12.0;0;12.87;-6.74;49.25;ESTAVEL;2022-07-22 13:00:00;stocks;12.87;-6.73;12.87;-6.73
1658498400000;CEBR6.SA;12.06;12.07;12.05;12.05;12.05;600;12.86;-6.29;51.06;ESTAVEL;2022-07-22 14:00:00;stocks;12.86;-6.28;12.86;-6.28
1658502000000;CEBR6.SA;12.05;12.08;12.05;12.08;12.08;1100;12.85;-6.0;52.17;ESTAVEL;2022-07-22 15:00:00;stocks;12.85;-5.99;12.85;-5.99
1658505600000;CEBR6.SA;12.07;12.07;12.07;12.07;12.07;100;12.84;-6.02;51.75;ESTAVEL;2022-07-22 16:00:00;stocks;12.84;-6.01;12.84;-6.01
1658509200000;CEBR6.SA;12.07;12.07;12.07;12.07;12.07;200;12.84;-5.96;51.75;ESTAVEL;2022-07-22 17:00:00;stocks;12.83;-5.95;12.83;-5.95
1658512800000;CEBR6.SA;11.93;11.93;11.93;11.93;11.93;0;12.83;-6.99;45.77;ESTAVEL;2022-07-22 18:00:00;stocks;12.83;-6.98;12.83;-6.98
1658754000000;CEBR6.SA;12.05;12.05;11.95;11.95;11.95;0;12.82;-6.77;46.72;ESTAVEL;2022-07-25 13:00:00;stocks;12.82;-6.76;12.82;-6.76
1658757600000;CEBR6.SA;12.03;12.05;11.92;11.92;11.92;1300;12.81;-6.94;45.44;ESTAVEL;2022-07-25 14:00:00;stocks;12.81;-6.93;12.81;-6.93
1658761200000;CEBR6.SA;11.91;11.91;11.91;11.91;11.91;100;12.8;-6.95;44.99;ESTAVEL;2022-07-25 15:00:00;stocks;12.8;-6.94;12.8;-6.94
1658764800000;CEBR6.SA;11.94;11.94;11.94;11.94;11.94;100;12.79;-6.66;46.67;ESTAVEL;2022-07-25 16:00:00;stocks;12.79;-6.65;12.79;-6.65
1658768400000;CEBR6.SA;11.9;11.95;11.9;11.95;11.95;600;12.78;-6.52;47.25;ESTAVEL;2022-07-25 17:00:00;stocks;12.78;-6.51;12.78;-6.51
1658772000000;CEBR6.SA;11.95;12.05;11.95;12.05;12.05;600;12.78;-5.68;52.77;ESTAVEL;2022-07-25 18:00:00;stocks;12.77;-5.67;12.77;-5.67
1658775600000;CEBR6.SA;12.05;12.05;11.91;12.04;12.04;1300;12.77;-5.71;52.18;ESTAVEL;2022-07-25 19:00:00;stocks;12.77;-5.69;12.77;-5.69
1658840400000;CEBR6.SA;12.04;12.17;12.04;12.17;12.17;0;12.76;-4.64;58.63;ESTAVEL;2022-07-26 13:00:00;stocks;12.76;-4.63;12.76;-4.63
1658844000000;CEBR6.SA;11.95;12.09;11.95;12.09;12.09;200;12.76;-5.22;53.82;ESTAVEL;2022-07-26 14:00:00;stocks;12.75;-5.21;12.75;-5.21
1658847600000;CEBR6.SA;12.1;12.1;12.1;12.1;12.1;400;12.75;-5.09;54.32;ESTAVEL;2022-07-26 15:00:00;stocks;12.75;-5.08;12.75;-5.08
1658851200000;CEBR6.SA;11.95;12.05;11.95;12.05;12.05;700;12.74;-5.43;51.31;ESTAVEL;2022-07-26 16:00:00;stocks;12.74;-5.42;12.74;-5.42
1658854800000;CEBR6.SA;12.05;12.05;12.05;12.05;12.05;100;12.74;-5.38;51.31;ESTAVEL;2022-07-26 17:00:00;stocks;12.73;-5.37;12.73;-5.37
1658858400000;CEBR6.SA;11.97;12.04;11.95;12.04;12.04;700;12.73;-5.41;50.65;ESTAVEL;2022-07-26 18:00:00;stocks;12.73;-5.4;12.73;-5.4
1658926800000;CEBR6.SA;12.05;12.16;12.05;12.15;12.15;0;12.72;-4.5;57.12;ESTAVEL;2022-07-27 13:00:00;stocks;12.72;-4.49;12.72;-4.49
1658930400000;CEBR6.SA;12.04;12.12;12.04;12.12;12.12;500;12.72;-4.69;55.0;ESTAVEL;2022-07-27 14:00:00;stocks;12.72;-4.68;12.72;-4.68
1658934000000;CEBR6.SA;12.09;12.09;12.09;12.09;12.09;100;12.71;-4.88;52.89;ESTAVEL;2022-07-27 15:00:00;stocks;12.71;-4.87;12.71;-4.87
1658937600000;CEBR6.SA;12.1;12.11;12.1;12.11;12.11;500;12.7;-4.68;54.15;ESTAVEL;2022-07-27 16:00:00;stocks;12.7;-4.67;12.7;-4.67
1658941200000;CEBR6.SA;12.09;12.1;12.09;12.1;12.1;1400;12.7;-4.71;53.38;ESTAVEL;2022-07-27 17:00:00;stocks;12.7;-4.7;12.7;-4.7
1658944800000;CEBR6.SA;12.11;12.11;12.11;12.11;12.11;400;12.69;-4.59;54.09;ESTAVEL;2022-07-27 18:00:00;stocks;12.69;-4.58;12.69;-4.58
1658948400000;CEBR6.SA;12.0;12.04;12.0;12.04;12.04;1100;12.69;-5.09;48.56;ESTAVEL;2022-07-27 19:00:00;stocks;12.68;-5.08;12.68;-5.08
1659013200000;CEBR6.SA;12.07;12.07;12.05;12.06;12.06;0;12.68;-4.89;50.13;ESTAVEL;2022-07-28 13:00:00;stocks;12.68;-4.88;12.68;-4.88
1659016800000;CEBR6.SA;12.05;12.05;12.01;12.01;12.01;300;12.67;-5.23;46.33;ESTAVEL;2022-07-28 14:00:00;stocks;12.67;-5.22;12.67;-5.22
1659020400000;CEBR6.SA;12.06;12.07;12.06;12.07;12.07;1100;12.67;-4.72;51.12;ESTAVEL;2022-07-28 15:00:00;stocks;12.67;-4.71;12.67;-4.71
1659024000000;CEBR6.SA;12.07;12.07;12.07;12.07;12.07;400;12.66;-4.67;51.12;ESTAVEL;2022-07-28 16:00:00;stocks;12.66;-4.66;12.66;-4.66
1659027600000;CEBR6.SA;12.0;12.0;11.99;11.99;11.99;300;12.65;-5.25;44.92;ESTAVEL;2022-07-28 17:00:00;stocks;12.65;-5.24;12.65;-5.24
1659031200000;CEBR6.SA;11.99;11.99;11.9;11.99;11.99;1700;12.65;-5.2;44.92;ESTAVEL;2022-07-28 18:00:00;stocks;12.65;-5.19;12.65;-5.19
1659034800000;CEBR6.SA;12.0;12.0;12.0;12.0;12.0;600;12.64;-5.08;45.87;ESTAVEL;2022-07-28 19:00:00;stocks;12.64;-5.07;12.64;-5.07
1659099600000;CEBR6.SA;11.9;11.9;11.9;11.9;11.9;0;12.63;-5.81;38.68;ESTAVEL;2022-07-29 13:00:00;stocks;12.63;-5.8;12.63;-5.8
1659103200000;CEBR6.SA;11.95;11.95;11.95;11.95;11.95;900;12.63;-5.36;43.45;ESTAVEL;2022-07-29 14:00:00;stocks;12.63;-5.36;12.63;-5.36
1659106800000;CEBR6.SA;11.9;11.95;11.9;11.94;11.94;1600;12.62;-5.39;42.74;ESTAVEL;2022-07-29 15:00:00;stocks;12.62;-5.38;12.62;-5.38
1659110400000;CEBR6.SA;11.94;11.94;11.87;11.94;11.94;700;12.61;-5.34;42.74;ESTAVEL;2022-07-29 16:00:00;stocks;12.61;-5.33;12.61;-5.33
1659114000000;CEBR6.SA;11.85;11.86;11.82;11.85;11.85;600;12.61;-6.0;36.46;ESTAVEL;2022-07-29 17:00:00;stocks;12.61;-5.99;12.61;-5.99
1659117600000;CEBR6.SA;11.93;11.93;11.93;11.93;11.93;1400;12.6;-5.31;44.29;ESTAVEL;2022-07-29 18:00:00;stocks;12.6;-5.3;12.6;-5.3
1659121200000;CEBR6.SA;11.92;11.92;11.9;11.92;11.92;600;12.59;-5.34;43.57;ESTAVEL;2022-07-29 19:00:00;stocks;12.59;-5.33;12.59;-5.33
1659358800000;CEBR6.SA;11.92;12.03;11.65;11.97;11.97;0;12.59;-4.9;48.13;ESTAVEL;2022-08-01 13:00:00;stocks;12.59;-4.89;12.59;-4.89
1659362400000;CEBR6.SA;11.98;11.98;11.97;11.97;11.97;400;12.58;-4.85;48.13;ESTAVEL;2022-08-01 14:00:00;stocks;12.58;-4.84;12.58;-4.84
1659366000000;CEBR6.SA;11.97;11.97;11.97;11.97;11.97;100;12.57;-4.81;48.13;ESTAVEL;2022-08-01 15:00:00;stocks;12.57;-4.8;12.57;-4.8
1659369600000;CEBR6.SA;11.91;11.94;11.9;11.94;11.94;1000;12.57;-5.0;45.38;ESTAVEL;2022-08-01 16:00:00;stocks;12.57;-4.99;12.57;-4.99
1659376800000;CEBR6.SA;11.81;11.82;11.81;11.82;11.82;500;12.56;-5.9;36.42;ESTAVEL;2022-08-01 18:00:00;stocks;12.56;-5.89;12.56;-5.89
1659380400000;CEBR6.SA;11.86;11.92;11.82;11.91;11.91;2000;12.55;-5.13;45.17;ESTAVEL;2022-08-01 19:00:00;stocks;12.55;-5.12;12.55;-5.12
1659445200000;CEBR6.SA;11.81;11.81;11.77;11.77;11.77;0;12.55;-6.19;36.71;ESTAVEL;2022-08-02 13:00:00;stocks;12.55;-6.18;12.55;-6.18
1659448800000;CEBR6.SA;11.81;11.81;11.75;11.75;11.75;6700;12.54;-6.29;35.68;ESTAVEL;2022-08-02 14:00:00;stocks;12.54;-6.28;12.54;-6.28
1659452400000;CEBR6.SA;11.75;11.75;11.73;11.73;11.73;700;12.53;-6.39;34.64;ESTAVEL;2022-08-02 15:00:00;stocks;12.53;-6.38;12.53;-6.38
1659456000000;CEBR6.SA;11.73;11.75;11.7;11.75;11.75;1000;12.52;-6.17;36.63;ESTAVEL;2022-08-02 16:00:00;stocks;12.52;-6.16;12.52;-6.16
1659459600000;CEBR6.SA;11.75;11.89;11.75;11.75;11.75;600;12.51;-6.11;36.63;ESTAVEL;2022-08-02 17:00:00;stocks;12.51;-6.1;12.51;-6.1
1659463200000;CEBR6.SA;11.75;11.75;11.75;11.75;11.75;200;12.51;-6.05;36.63;ESTAVEL;2022-08-02 18:00:00;stocks;12.51;-6.05;12.51;-6.05
1659466800000;CEBR6.SA;11.72;11.75;11.72;11.75;11.75;500;12.5;-6.0;36.63;ESTAVEL;2022-08-02 19:00:00;stocks;12.5;-5.99;12.5;-5.99
1659531600000;CEBR6.SA;11.75;11.75;11.72;11.75;11.75;0;12.49;-5.94;36.63;ESTAVEL;2022-08-03 13:00:00;stocks;12.49;-5.93;12.49;-5.93
1659535200000;CEBR6.SA;11.75;11.8;11.75;11.75;11.75;8700;12.48;-5.89;36.63;ESTAVEL;2022-08-03 14:00:00;stocks;12.48;-5.88;12.48;-5.88
1659538800000;CEBR6.SA;11.75;11.75;11.75;11.75;11.75;800;12.48;-5.83;36.63;ESTAVEL;2022-08-03 15:00:00;stocks;12.48;-5.82;12.48;-5.82
1659542400000;CEBR6.SA;11.72;11.75;11.72;11.75;11.75;2900;12.47;-5.78;36.63;ESTAVEL;2022-08-03 16:00:00;stocks;12.47;-5.77;12.47;-5.77
1659546000000;CEBR6.SA;11.75;11.75;11.7;11.75;11.75;2100;12.46;-5.72;36.63;ESTAVEL;2022-08-03 17:00:00;stocks;12.46;-5.71;12.46;-5.71
1659549600000;CEBR6.SA;11.75;11.75;11.75;11.75;11.75;100;12.46;-5.67;36.63;ESTAVEL;2022-08-03 18:00:00;stocks;12.46;-5.66;12.46;-5.66
1659553200000;CEBR6.SA;11.7;11.7;11.68;11.69;11.69;1100;12.45;-6.09;30.72;ESTAVEL;2022-08-03 19:00:00;stocks;12.45;-6.09;12.45;-6.09
1659618000000;CEBR6.SA;11.9;11.91;11.7;11.73;11.73;0;12.44;-5.72;37.91;ESTAVEL;2022-08-04 13:00:00;stocks;12.44;-5.71;12.44;-5.71
1659621600000;CEBR6.SA;11.73;11.75;11.73;11.75;11.75;1400;12.43;-5.5;41.2;ESTAVEL;2022-08-04 14:00:00;stocks;12.43;-5.5;12.43;-5.5
1659625200000;CEBR6.SA;11.75;11.75;11.65;11.75;11.75;1400;12.43;-5.45;41.2;ESTAVEL;2022-08-04 15:00:00;stocks;12.43;-5.44;12.43;-5.44
1659628800000;CEBR6.SA;11.86;11.87;11.6;11.63;11.63;36800;12.42;-6.36;30.11;ESTAVEL;2022-08-04 16:00:00;stocks;12.42;-6.35;12.42;-6.35
1659632400000;CEBR6.SA;11.63;11.99;11.63;11.99;11.99;6300;12.42;-3.43;62.62;ESTAVEL;2022-08-04 17:00:00;stocks;12.41;-3.42;12.41;-3.42
1659636000000;CEBR6.SA;11.9;11.9;11.84;11.84;11.84;600;12.41;-4.59;51.81;ESTAVEL;2022-08-04 18:00:00;stocks;12.41;-4.58;12.41;-4.58
1659639600000;CEBR6.SA;11.98;11.99;11.98;11.99;11.99;400;12.41;-3.35;59.36;ESTAVEL;2022-08-04 19:00:00;stocks;12.4;-3.34;12.4;-3.34
1659704400000;CEBR6.SA;11.89;12.0;11.89;11.99;11.99;0;12.4;-3.32;59.36;ESTAVEL;2022-08-05 13:00:00;stocks;12.4;-3.31;12.4;-3.31
1659708000000;CEBR6.SA;11.98;12.0;11.98;12.0;12.0;2400;12.4;-3.21;59.85;ESTAVEL;2022-08-05 14:00:00;stocks;12.4;-3.2;12.4;-3.2
1659711600000;CEBR6.SA;11.99;12.1;11.95;12.09;12.09;3300;12.39;-2.45;64.03;ESTAVEL;2022-08-05 15:00:00;stocks;12.39;-2.45;12.39;-2.45
1659715200000;CEBR6.SA;12.0;12.0;11.97;11.97;11.97;1100;12.39;-3.39;55.71;ESTAVEL;2022-08-05 16:00:00;stocks;12.39;-3.38;12.39;-3.38
1659718800000;CEBR6.SA;12.05;12.07;11.95;12.0;12.0;4000;12.39;-3.12;57.2;ESTAVEL;2022-08-05 17:00:00;stocks;12.39;-3.11;12.39;-3.11
1659722400000;CEBR6.SA;12.0;12.0;11.8;11.8;11.8;3700;12.38;-4.69;46.03;ESTAVEL;2022-08-05 18:00:00;stocks;12.38;-4.68;12.38;-4.68
1659726000000;CEBR6.SA;11.82;12.0;11.75;12.0;12.0;10900;12.38;-3.04;55.41;ESTAVEL;2022-08-05 19:00:00;stocks;12.38;-3.04;12.38;-3.04
1659963600000;CEBR6.SA;12.08;12.08;11.89;12.0;12.0;0;12.37;-3.01;55.41;ESTAVEL;2022-08-08 13:00:00;stocks;12.37;-3.01;12.37;-3.01
1659967200000;CEBR6.SA;12.01;12.01;11.79;11.9;11.9;4200;12.37;-3.78;50.34;ESTAVEL;2022-08-08 14:00:00;stocks;12.37;-3.78;12.37;-3.78
1659970800000;CEBR6.SA;11.97;12.1;11.92;12.1;12.1;5500;12.37;-2.15;58.52;ESTAVEL;2022-08-08 15:00:00;stocks;12.36;-2.14;12.36;-2.14
1659974400000;CEBR6.SA;12.09;12.1;11.86;12.09;12.09;7900;12.36;-2.21;58.0;ESTAVEL;2022-08-08 16:00:00;stocks;12.36;-2.2;12.36;-2.2
1659978000000;CEBR6.SA;11.88;11.96;11.77;11.96;11.96;11100;12.36;-3.23;51.65;ESTAVEL;2022-08-08 17:00:00;stocks;12.36;-3.22;12.36;-3.22
1659981600000;CEBR6.SA;11.9;11.9;11.9;11.9;11.9;200;12.35;-3.68;48.98;ESTAVEL;2022-08-08 18:00:00;stocks;12.35;-3.67;12.35;-3.67
1659985200000;CEBR6.SA;11.9;11.96;11.9;11.95;11.95;1900;12.35;-3.24;51.24;ESTAVEL;2022-08-08 19:00:00;stocks;12.35;-3.23;12.35;-3.23
1660050000000;CEBR6.SA;11.97;11.97;11.93;11.93;11.93;0;12.35;-3.37;50.28;ESTAVEL;2022-08-09 13:00:00;stocks;12.35;-3.36;12.35;-3.36
1660057200000;CEBR6.SA;11.9;11.91;11.9;11.91;11.91;4700;12.34;-3.5;49.29;ESTAVEL;2022-08-09 15:00:00;stocks;12.34;-3.49;12.34;-3.49
1660060800000;CEBR6.SA;11.9;11.9;11.9;11.9;11.9;1200;12.34;-3.54;48.77;ESTAVEL;2022-08-09 16:00:00;stocks;12.34;-3.54;12.34;-3.54
1660068000000;CEBR6.SA;11.83;11.89;11.77;11.89;11.89;3600;12.33;-3.59;48.22;ESTAVEL;2022-08-09 18:00:00;stocks;12.33;-3.58;12.33;-3.58
1660071600000;CEBR6.SA;11.89;11.89;11.72;11.88;11.88;1300;12.33;-3.64;47.64;ESTAVEL;2022-08-09 19:00:00;stocks;12.33;-3.63;12.33;-3.63
1660136400000;CEBR6.SA;11.77;11.85;11.74;11.84;11.84;0;12.32;-3.92;45.31;ESTAVEL;2022-08-10 13:00:00;stocks;12.32;-3.92;12.32;-3.92
1660140000000;CEBR6.SA;11.81;12.01;11.81;11.96;11.96;2300;12.32;-2.92;52.77;ESTAVEL;2022-08-10 14:00:00;stocks;12.32;-2.91;12.32;-2.91
1660143600000;CEBR6.SA;11.9;11.92;11.9;11.92;11.92;200;12.32;-3.21;50.31;ESTAVEL;2022-08-10 15:00:00;stocks;12.32;-3.21;12.32;-3.21
1660147200000;CEBR6.SA;11.9;11.92;11.8;11.8;11.8;6400;12.31;-4.15;43.72;ESTAVEL;2022-08-10 16:00:00;stocks;12.31;-4.14;12.31;-4.14
1660150800000;CEBR6.SA;11.81;11.81;11.65;11.65;11.65;11800;12.3;-5.32;37.16;ESTAVEL;2022-08-10 17:00:00;stocks;12.3;-5.31;12.3;-5.31
1660154400000;CEBR6.SA;11.66;11.83;11.6;11.76;11.76;4900;12.3;-4.38;43.82;ESTAVEL;2022-08-10 18:00:00;stocks;12.3;-4.37;12.3;-4.37
1660158000000;CEBR6.SA;11.76;11.78;11.7;11.76;11.76;4600;12.29;-4.34;43.82;ESTAVEL;2022-08-10 19:00:00;stocks;12.29;-4.33;12.29;-4.33
1660222800000;CEBR6.SA;11.75;11.75;11.65;11.69;11.69;0;12.29;-4.86;40.64;ESTAVEL;2022-08-11 13:00:00;stocks;12.29;-4.86;12.29;-4.86
1660226400000;CEBR6.SA;11.69;11.75;11.69;11.75;11.75;1300;12.28;-4.33;44.36;ESTAVEL;2022-08-11 14:00:00;stocks;12.28;-4.33;12.28;-4.33
1660230000000;CEBR6.SA;11.72;11.72;11.72;11.72;11.72;1300;12.28;-4.53;42.91;ESTAVEL;2022-08-11 15:00:00;stocks;12.28;-4.53;12.28;-4.53
1660233600000;CEBR6.SA;11.7;11.7;11.69;11.69;11.69;200;12.27;-4.73;41.45;ESTAVEL;2022-08-11 16:00:00;stocks;12.27;-4.73;12.27;-4.73
1660237200000;CEBR6.SA;11.7;11.72;11.7;11.72;11.72;3200;12.27;-4.44;43.52;ESTAVEL;2022-08-11 17:00:00;stocks;12.26;-4.44;12.26;-4.44
1660240800000;CEBR6.SA;11.75;11.75;11.71;11.71;11.71;400;12.26;-4.48;42.98;ESTAVEL;2022-08-11 18:00:00;stocks;12.26;-4.48;12.26;-4.48
1660244400000;CEBR6.SA;11.71;11.73;11.6;11.73;11.73;7100;12.25;-4.28;44.47;ESTAVEL;2022-08-11 19:00:00;stocks;12.25;-4.27;12.25;-4.27
1660309200000;CEBR6.SA;11.87;11.87;11.46;11.63;11.63;1500;12.25;-5.05;38.97;ESTAVEL;2022-08-12 13:00:00;stocks;12.25;-5.04;12.25;-5.04
1660312800000;CEBR6.SA;11.67;12.1;11.67;12.1;12.1;9300;12.25;-1.2;62.48;ESTAVEL;2022-08-12 14:00:00;stocks;12.25;-1.19;12.25;-1.19
1660316400000;CEBR6.SA;11.94;11.94;11.94;11.94;11.94;200;12.24;-2.48;54.75;ESTAVEL;2022-08-12 15:00:00;stocks;12.24;-2.47;12.24;-2.47
1660320000000;CEBR6.SA;11.95;12.0;11.94;12.0;12.0;800;12.24;-1.97;56.9;ESTAVEL;2022-08-12 16:00:00;stocks;12.24;-1.96;12.24;-1.96
1660323600000;CEBR6.SA;12.0;12.05;12.0;12.0;12.0;1200;12.24;-1.95;56.9;ESTAVEL;2022-08-12 17:00:00;stocks;12.24;-1.95;12.24;-1.95
1660327200000;CEBR6.SA;11.95;12.1;11.91;12.04;12.04;21500;12.24;-1.61;58.43;ESTAVEL;2022-08-12 18:00:00;stocks;12.24;-1.6;12.24;-1.6
1660330800000;CEBR6.SA;11.96;11.96;11.87;11.87;11.87;3200;12.23;-2.97;50.27;ESTAVEL;2022-08-12 19:00:00;stocks;12.23;-2.96;12.23;-2.96
1660568400000;CEBR6.SA;11.8;11.8;11.6;11.6;11.6;9000;12.23;-5.13;40.57;ESTAVEL;2022-08-15 13:00:00;stocks;12.23;-5.12;12.23;-5.12
1660572000000;CEBR6.SA;11.78;11.86;11.78;11.82;11.82;4700;12.22;-3.29;49.17;ESTAVEL;2022-08-15 14:00:00;stocks;12.22;-3.29;12.22;-3.29
1660575600000;CEBR6.SA;11.81;11.9;11.81;11.89;11.89;2700;12.22;-2.7;51.58;ESTAVEL;2022-08-15 15:00:00;stocks;12.22;-2.69;12.22;-2.69
1660579200000;CEBR6.SA;11.88;11.88;11.8;11.8;11.8;1900;12.22;-3.4;48.41;ESTAVEL;2022-08-15 16:00:00;stocks;12.21;-3.39;12.21;-3.39
1660582800000;CEBR6.SA;11.8;11.82;11.78;11.78;11.78;6400;12.21;-3.53;47.71;ESTAVEL;2022-08-15 17:00:00;stocks;12.21;-3.52;12.21;-3.52
1660586400000;CEBR6.SA;11.8;11.8;11.75;11.75;11.75;1200;12.21;-3.74;46.61;ESTAVEL;2022-08-15 18:00:00;stocks;12.21;-3.73;12.21;-3.73
1660590000000;CEBR6.SA;11.79;11.86;11.79;11.8;11.8;3800;12.2;-3.3;48.72;ESTAVEL;2022-08-15 19:00:00;stocks;12.2;-3.29;12.2;-3.29
1660654800000;CEBR6.SA;11.91;11.91;11.77;11.77;11.77;0;12.2;-3.51;47.51;ESTAVEL;2022-08-16 13:00:00;stocks;12.2;-3.5;12.2;-3.5
1660658400000;CEBR6.SA;11.77;11.81;11.75;11.8;11.8;2500;12.19;-3.23;48.88;ESTAVEL;2022-08-16 14:00:00;stocks;12.19;-3.23;12.19;-3.23
1660662000000;CEBR6.SA;11.8;11.81;11.8;11.8;11.8;2300;12.19;-3.2;48.88;ESTAVEL;2022-08-16 15:00:00;stocks;12.19;-3.2;12.19;-3.2
1660665600000;CEBR6.SA;11.8;11.82;11.8;11.82;11.82;1800;12.19;-3.01;49.89;ESTAVEL;2022-08-16 16:00:00;stocks;12.19;-3.0;12.19;-3.0
1660669200000;CEBR6.SA;11.8;11.82;11.8;11.8;11.8;5800;12.18;-3.14;48.85;ESTAVEL;2022-08-16 17:00:00;stocks;12.18;-3.14;12.18;-3.14
1660672800000;CEBR6.SA;11.8;11.9;11.8;11.9;11.9;7600;12.18;-2.3;54.01;ESTAVEL;2022-08-16 18:00:00;stocks;12.18;-2.29;12.18;-2.29
1660676400000;CEBR6.SA;11.91;11.99;11.91;11.94;11.94;500;12.18;-1.95;55.92;ESTAVEL;2022-08-16 19:00:00;stocks;12.18;-1.94;12.18;-1.94
1660741200000;CEBR6.SA;11.92;12.0;11.89;12.0;12.0;1300;12.18;-1.44;58.7;ESTAVEL;2022-08-17 13:00:00;stocks;12.18;-1.44;12.18;-1.44
1660744800000;CEBR6.SA;12.01;12.08;11.79;11.93;11.93;9900;12.17;-2.0;54.39;ESTAVEL;2022-08-17 14:00:00;stocks;12.17;-1.99;12.17;-1.99
1660748400000;CEBR6.SA;12.01;12.09;11.9;11.91;11.91;800;12.17;-2.14;53.19;ESTAVEL;2022-08-17 15:00:00;stocks;12.17;-2.14;12.17;-2.14
1660752000000;CEBR6.SA;11.95;11.95;11.95;11.95;11.95;200;12.17;-1.79;55.32;ESTAVEL;2022-08-17 16:00:00;stocks;12.17;-1.79;12.17;-1.79
1660755600000;CEBR6.SA;12.04;12.04;12.04;12.04;12.04;100;12.17;-1.04;59.74;ESTAVEL;2022-08-17 17:00:00;stocks;12.17;-1.04;12.17;-1.04
1660759200000;CEBR6.SA;11.98;11.98;11.9;11.9;11.9;0;12.16;-2.17;51.24;ESTAVEL;2022-08-17 18:00:00;stocks;12.16;-2.17;12.16;-2.17
1660827600000;CEBR6.SA;11.99;12.1;11.99;12.1;12.1;7500;12.16;-0.52;60.0;ESTAVEL;2022-08-18 13:00:00;stocks;12.16;-0.52;12.16;-0.52
1660831200000;CEBR6.SA;12.07;12.07;11.94;11.94;11.94;2200;12.16;-1.82;51.96;ESTAVEL;2022-08-18 14:00:00;stocks;12.16;-1.82;12.16;-1.82
1660834800000;CEBR6.SA;11.92;12.0;11.9;12.0;12.0;5100;12.16;-1.32;54.42;ESTAVEL;2022-08-18 15:00:00;stocks;12.16;-1.31;12.16;-1.31
1660838400000;CEBR6.SA;11.99;12.0;11.95;11.95;11.95;1000;12.16;-1.71;52.03;ESTAVEL;2022-08-18 16:00:00;stocks;12.16;-1.71;12.16;-1.71
1660842000000;CEBR6.SA;11.96;12.05;11.95;12.05;12.05;1200;12.16;-0.88;56.18;ESTAVEL;2022-08-18 17:00:00;stocks;12.16;-0.87;12.16;-0.87
1660845600000;CEBR6.SA;11.96;12.02;11.9;11.95;11.95;1900;12.15;-1.68;51.39;ESTAVEL;2022-08-18 18:00:00;stocks;12.15;-1.68;12.15;-1.68
1660849200000;CEBR6.SA;11.95;11.96;11.75;11.75;11.75;9600;12.15;-3.3;43.41;ESTAVEL;2022-08-18 19:00:00;stocks;12.15;-3.29;12.15;-3.29
1660914000000;CEBR6.SA;11.98;12.1;11.89;11.89;11.89;1000;12.15;-2.12;49.34;ESTAVEL;2022-08-19 13:00:00;stocks;12.15;-2.12;12.15;-2.12
1660917600000;CEBR6.SA;11.92;12.0;11.92;12.0;12.0;200;12.15;-1.21;53.47;ESTAVEL;2022-08-19 14:00:00;stocks;12.15;-1.2;12.15;-1.2
1660921200000;CEBR6.SA;11.99;11.99;11.9;11.92;11.92;3400;12.14;-1.85;50.26;ESTAVEL;2022-08-19 15:00:00;stocks;12.14;-1.84;12.14;-1.84
1660924800000;CEBR6.SA;11.92;12.0;11.92;12.0;12.0;4100;12.14;-1.18;53.28;ESTAVEL;2022-08-19 16:00:00;stocks;12.14;-1.17;12.14;-1.17
1660928400000;CEBR6.SA;11.99;12.05;11.99;12.05;12.05;5000;12.14;-0.76;55.11;ESTAVEL;2022-08-19 17:00:00;stocks;12.14;-0.75;12.14;-0.75
1660932000000;CEBR6.SA;12.1;12.1;11.89;11.89;11.89;1400;12.14;-2.06;48.55;ESTAVEL;2022-08-19 18:00:00;stocks;12.14;-2.05;12.14;-2.05
1660935600000;CEBR6.SA;11.89;11.89;11.61;11.61;11.61;3900;12.13;-4.32;39.65;ESTAVEL;2022-08-19 19:00:00;stocks;12.13;-4.32;12.13;-4.32
1661173200000;CEBR6.SA;11.8;12.01;11.75;12.01;12.01;0;12.13;-1.01;52.92;ESTAVEL;2022-08-22 13:00:00;stocks;12.13;-1.01;12.13;-1.01
1661176800000;CEBR6.SA;11.85;11.85;11.85;11.85;11.85;100;12.13;-2.31;48.34;ESTAVEL;2022-08-22 14:00:00;stocks;12.13;-2.31;12.13;-2.31
1661180400000;CEBR6.SA;11.85;11.85;11.61;11.61;11.61;2600;12.13;-4.25;42.41;ESTAVEL;2022-08-22 15:00:00;stocks;12.12;-4.24;12.12;-4.24
1661184000000;CEBR6.SA;11.64;11.68;11.61;11.61;11.61;4400;12.12;-4.21;42.41;ESTAVEL;2022-08-22 16:00:00;stocks;12.12;-4.2;12.12;-4.2
1661187600000;CEBR6.SA;11.69;11.8;11.69;11.8;11.8;2700;12.12;-2.61;48.24;ESTAVEL;2022-08-22 17:00:00;stocks;12.12;-2.61;12.12;-2.61
1661191200000;CEBR6.SA;11.8;11.8;11.8;11.8;11.8;100;12.11;-2.59;48.24;ESTAVEL;2022-08-22 18:00:00;stocks;12.11;-2.58;12.11;-2.58
1661194800000;CEBR6.SA;11.9;11.9;11.9;11.9;11.9;100;12.11;-1.75;51.25;ESTAVEL;2022-08-22 19:00:00;stocks;12.11;-1.74;12.11;-1.74
1661259600000;CEBR6.SA;11.72;11.92;11.7;11.92;11.92;0;12.11;-1.57;51.86;ESTAVEL;2022-08-23 13:00:00;stocks;12.11;-1.56;12.11;-1.56
1661263200000;CEBR6.SA;11.92;11.92;11.66;11.66;11.66;4500;12.11;-3.68;44.2;ESTAVEL;2022-08-23 14:00:00;stocks;12.1;-3.67;12.1;-3.67
1661266800000;CEBR6.SA;11.67;11.81;11.65;11.81;11.81;600;12.1;-2.41;48.89;ESTAVEL;2022-08-23 15:00:00;stocks;12.1;-2.41;12.1;-2.41
1661270400000;CEBR6.SA;11.75;11.75;11.7;11.7;11.7;3500;12.1;-3.29;45.84;ESTAVEL;2022-08-23 16:00:00;stocks;12.1;-3.29;12.1;-3.29
1661274000000;CEBR6.SA;11.8;11.93;11.8;11.93;11.93;800;12.1;-1.38;52.5;ESTAVEL;2022-08-23 17:00:00;stocks;12.1;-1.37;12.1;-1.37
1661277600000;CEBR6.SA;11.9;11.9;11.89;11.9;11.9;700;12.09;-1.61;51.61;ESTAVEL;2022-08-23 18:00:00;stocks;12.09;-1.6;12.09;-1.6
1661281200000;CEBR6.SA;11.9;11.99;11.9;11.99;11.99;300;12.09;-0.86;54.13;ESTAVEL;2022-08-23 19:00:00;stocks;12.09;-0.85;12.09;-0.85
1661346000000;CEBR6.SA;12.0;12.0;11.98;11.99;11.99;5000;12.09;-0.85;54.13;ESTAVEL;2022-08-24 13:00:00;stocks;12.09;-0.84;12.09;-0.84
1661349600000;CEBR6.SA;11.87;11.95;11.5;11.95;11.95;7000;12.09;-1.17;52.71;ESTAVEL;2022-08-24 14:00:00;stocks;12.09;-1.16;12.09;-1.16
1661353200000;CEBR6.SA;11.92;11.92;11.92;11.92;11.92;2100;12.09;-1.4;51.63;ESTAVEL;2022-08-24 15:00:00;stocks;12.09;-1.4;12.09;-1.4
1661356800000;CEBR6.SA;11.92;11.92;11.9;11.9;11.9;500;12.09;-1.55;50.87;ESTAVEL;2022-08-24 16:00:00;stocks;12.09;-1.55;12.09;-1.55
1661360400000;CEBR6.SA;11.85;11.85;11.85;11.85;11.85;100;12.09;-1.94;48.95;ESTAVEL;2022-08-24 17:00:00;stocks;12.08;-1.94;12.08;-1.94
1661367600000;CEBR6.SA;11.9;12.0;11.9;11.94;11.94;15600;12.08;-1.19;52.44;ESTAVEL;2022-08-24 19:00:00;stocks;12.08;-1.19;12.08;-1.19
1661432400000;CEBR6.SA;11.99;12.01;11.99;12.0;12.0;0;12.08;-0.69;54.66;ESTAVEL;2022-08-25 13:00:00;stocks;12.08;-0.68;12.08;-0.68
1661436000000;CEBR6.SA;11.98;11.99;11.98;11.98;11.98;600;12.08;-0.84;53.76;ESTAVEL;2022-08-25 14:00:00;stocks;12.08;-0.84;12.08;-0.84
1661439600000;CEBR6.SA;11.98;11.98;11.98;11.98;11.98;100;12.08;-0.83;53.76;ESTAVEL;2022-08-25 15:00:00;stocks;12.08;-0.83;12.08;-0.83
1661443200000;CEBR6.SA;11.98;11.98;11.9;11.95;11.95;1800;12.08;-1.07;52.26;ESTAVEL;2022-08-25 16:00:00;stocks;12.08;-1.07;12.08;-1.07
1661446800000;CEBR6.SA;11.98;11.98;11.9;11.97;11.97;3800;12.08;-0.9;53.2;ESTAVEL;2022-08-25 17:00:00;stocks;12.08;-0.89;12.08;-0.89
1661450400000;CEBR6.SA;11.9;11.97;11.9;11.97;11.97;2900;12.08;-0.89;53.2;ESTAVEL;2022-08-25 18:00:00;stocks;12.08;-0.89;12.08;-0.89
1661454000000;CEBR6.SA;11.93;11.97;11.89;11.97;11.97;7500;12.08;-0.88;53.2;ESTAVEL;2022-08-25 19:00:00;stocks;12.08;-0.88;12.08;-0.88
1661518800000;CEBR6.SA;11.95;11.96;11.9;11.96;11.96;1400;12.08;-0.95;52.55;ESTAVEL;2022-08-26 13:00:00;stocks;12.07;-0.95;12.07;-0.95
1661522400000;CEBR6.SA;11.94;11.96;11.94;11.96;11.96;400;12.07;-0.94;52.55;ESTAVEL;2022-08-26 14:00:00;stocks;12.07;-0.94;12.07;-0.94
1661526000000;CEBR6.SA;11.96;11.96;11.9;11.95;11.95;900;12.07;-1.02;51.82;ESTAVEL;2022-08-26 15:00:00;stocks;12.07;-1.01;12.07;-1.01
1661529600000;CEBR6.SA;11.95;11.96;11.86;11.86;11.86;1400;12.07;-1.74;45.68;ESTAVEL;2022-08-26 16:00:00;stocks;12.07;-1.74;12.07;-1.74
1661533200000;CEBR6.SA;11.91;11.94;11.76;11.76;11.76;10200;12.07;-2.55;40.01;ESTAVEL;2022-08-26 17:00:00;stocks;12.07;-2.54;12.07;-2.54
1661536800000;CEBR6.SA;11.83;11.92;11.83;11.92;11.92;1500;12.07;-1.21;50.58;ESTAVEL;2022-08-26 18:00:00;stocks;12.07;-1.21;12.07;-1.21
1661540400000;CEBR6.SA;11.84;11.93;11.82;11.82;11.82;3800;12.06;-2.02;45.22;ESTAVEL;2022-08-26 19:00:00;stocks;12.06;-2.02;12.06;-2.02
1661778000000;CEBR6.SA;11.81;11.81;11.79;11.8;11.8;0;12.06;-2.16;44.21;ESTAVEL;2022-08-29 13:00:00;stocks;12.06;-2.16;12.06;-2.16
1661781600000;CEBR6.SA;11.8;11.9;11.8;11.85;11.85;2300;12.06;-1.73;47.37;ESTAVEL;2022-08-29 14:00:00;stocks;12.06;-1.73;12.06;-1.73
1661785200000;CEBR6.SA;11.85;11.9;11.75;11.75;11.75;2900;12.06;-2.54;42.22;ESTAVEL;2022-08-29 15:00:00;stocks;12.06;-2.53;12.06;-2.53
1661788800000;CEBR6.SA;11.74;11.9;11.68;11.84;11.84;12000;12.05;-1.77;47.73;ESTAVEL;2022-08-29 16:00:00;stocks;12.05;-1.77;12.05;-1.77
1661792400000;CEBR6.SA;11.7;11.75;11.66;11.67;11.67;9700;12.05;-3.15;39.97;ESTAVEL;2022-08-29 17:00:00;stocks;12.05;-3.15;12.05;-3.15
1661796000000;CEBR6.SA;11.67;11.69;11.6;11.61;11.61;7400;12.05;-3.61;37.65;ESTAVEL;2022-08-29 18:00:00;stocks;12.05;-3.61;12.05;-3.61
1661799600000;CEBR6.SA;11.69;11.69;11.6;11.6;11.6;1900;12.04;-3.66;37.26;ESTAVEL;2022-08-29 19:00:00;stocks;12.04;-3.66;12.04;-3.66
1661864400000;CEBR6.SA;11.62;11.62;11.5;11.6;11.6;0;12.04;-3.63;37.26;ESTAVEL;2022-08-30 13:00:00;stocks;12.04;-3.62;12.04;-3.62
1661868000000;CEBR6.SA;11.53;11.59;11.5;11.51;11.51;5900;12.03;-4.33;33.63;ESTAVEL;2022-08-30 14:00:00;stocks;12.03;-4.33;12.03;-4.33
1661871600000;CEBR6.SA;11.57;11.57;11.57;11.57;11.57;500;12.03;-3.8;37.97;ESTAVEL;2022-08-30 15:00:00;stocks;12.03;-3.8;12.03;-3.8
1661875200000;CEBR6.SA;11.57;11.57;11.43;11.55;11.55;2900;12.02;-3.93;37.1;ESTAVEL;2022-08-30 16:00:00;stocks;12.02;-3.92;12.02;-3.92
1661878800000;CEBR6.SA;11.55;12.0;11.44;11.56;11.56;14700;12.02;-3.81;37.86;ESTAVEL;2022-08-30 17:00:00;stocks;12.02;-3.8;12.02;-3.8
1661882400000;CEBR6.SA;11.56;11.56;11.35;11.4;11.4;9700;12.01;-5.09;31.29;ESTAVEL;2022-08-30 18:00:00;stocks;12.01;-5.09;12.01;-5.09
1661886000000;CEBR6.SA;11.5;11.5;11.35;11.37;11.37;9100;12.0;-5.29;30.23;ESTAVEL;2022-08-30 19:00:00;stocks;12.0;-5.29;12.0;-5.29
1661950800000;CEBR6.SA;11.72;11.72;11.5;11.5;11.5;2500;12.0;-4.17;39.75;ESTAVEL;2022-08-31 13:00:00;stocks;12.0;-4.16;12.0;-4.16
1661954400000;CEBR6.SA;11.64;11.64;11.5;11.5;11.5;16500;11.99;-4.13;39.75;ESTAVEL;2022-08-31 14:00:00;stocks;11.99;-4.12;11.99;-4.12
1661958000000;CEBR6.SA;11.55;11.57;11.5;11.57;11.57;1200;11.99;-3.51;44.48;ESTAVEL;2022-08-31 15:00:00;stocks;11.99;-3.51;11.99;-3.51
1661961600000;CEBR6.SA;11.56;11.56;11.5;11.5;11.5;1600;11.99;-4.05;41.01;ESTAVEL;2022-08-31 16:00:00;stocks;11.99;-4.05;11.99;-4.05
1661965200000;CEBR6.SA;11.56;11.56;11.5;11.5;11.5;3900;11.98;-4.01;41.01;ESTAVEL;2022-08-31 17:00:00;stocks;11.98;-4.01;11.98;-4.01
1661968800000;CEBR6.SA;11.55;11.55;11.45;11.45;11.45;7600;11.98;-4.39;38.53;ESTAVEL;2022-08-31 18:00:00;stocks;11.98;-4.39;11.98;-4.39
1661972400000;CEBR6.SA;11.43;11.49;11.38;11.49;11.49;10400;11.97;-4.02;41.58;ESTAVEL;2022-08-31 19:00:00;stocks;11.97;-4.01;11.97;-4.01
1662037200000;CEBR6.SA;11.37;11.42;11.29;11.29;11.29;3800;11.96;-5.63;32.8;ESTAVEL;2022-09-01 13:00:00;stocks;11.96;-5.63;11.96;-5.63
1662040800000;CEBR6.SA;11.25;11.25;11.19;11.21;11.21;1200;11.96;-6.24;30.07;ESTAVEL;2022-09-01 14:00:00;stocks;11.96;-6.24;11.96;-6.24
1662044400000;CEBR6.SA;11.2;11.21;11.16;11.16;11.16;2800;11.95;-6.6;28.47;SUBIR;2022-09-01 15:00:00;stocks;11.95;-6.6;11.95;-6.6
1662048000000;CEBR6.SA;11.27;11.27;11.27;11.27;11.27;0;11.94;-5.63;36.47;ESTAVEL;2022-09-01 16:00:00;stocks;11.94;-5.62;11.94;-5.62
1662051600000;CEBR6.SA;11.23;11.23;11.23;11.23;11.23;300;11.93;-5.91;34.94;ESTAVEL;2022-09-01 17:00:00;stocks;11.93;-5.9;11.93;-5.9
1662055200000;CEBR6.SA;11.36;11.37;11.23;11.36;11.36;1300;11.93;-4.77;43.27;ESTAVEL;2022-09-01 18:00:00;stocks;11.93;-4.77;11.93;-4.77
1662058800000;CEBR6.SA;11.27;11.3;11.09;11.09;11.09;0;11.92;-6.97;33.64;ESTAVEL;2022-09-01 19:00:00;stocks;11.92;-6.97;11.92;-6.97
1662123600000;CEBR6.SA;11.08;11.39;10.49;11.0;11.0;12500;11.91;-7.65;31.15;ESTAVEL;2022-09-02 13:00:00;stocks;11.91;-7.65;11.91;-7.65
1662127200000;CEBR6.SA;10.88;11.22;10.87;11.15;11.15;5200;11.9;-6.33;39.22;ESTAVEL;2022-09-02 14:00:00;stocks;11.9;-6.33;11.9;-6.33
1662130800000;CEBR6.SA;11.15;11.15;11.15;11.15;11.15;900;11.9;-6.27;39.22;ESTAVEL;2022-09-02 15:00:00;stocks;11.9;-6.27;11.9;-6.27
1662134400000;CEBR6.SA;11.11;11.15;11.09;11.15;11.15;1700;11.89;-6.22;39.22;ESTAVEL;2022-09-02 16:00:00;stocks;11.89;-6.21;11.89;-6.21
1662138000000;CEBR6.SA;11.15;11.2;11.1;11.2;11.2;2400;11.88;-5.74;42.05;ESTAVEL;2022-09-02 17:00:00;stocks;11.88;-5.74;11.88;-5.74
1662141600000;CEBR6.SA;11.15;11.15;11.11;11.12;11.12;700;11.87;-6.35;38.93;ESTAVEL;2022-09-02 18:00:00;stocks;11.87;-6.35;11.87;-6.35
1662145200000;CEBR6.SA;11.1;11.1;11.09;11.09;11.09;10600;11.87;-6.55;37.79;ESTAVEL;2022-09-02 19:00:00;stocks;11.87;-6.54;11.87;-6.54
1662382800000;CEBR6.SA;11.08;11.09;10.99;11.08;11.08;0;11.86;-6.57;37.4;ESTAVEL;2022-09-05 13:00:00;stocks;11.86;-6.57;11.86;-6.57
1662386400000;CEBR6.SA;11.05;11.05;11.03;11.05;11.05;900;11.85;-6.76;36.19;ESTAVEL;2022-09-05 14:00:00;stocks;11.85;-6.76;11.85;-6.76
1662390000000;CEBR6.SA;11.09;11.15;11.08;11.15;11.15;5800;11.84;-5.86;42.83;ESTAVEL;2022-09-05 15:00:00;stocks;11.84;-5.86;11.84;-5.86
1662393600000;CEBR6.SA;11.15;11.2;11.15;11.18;11.18;3700;11.84;-5.55;44.69;ESTAVEL;2022-09-05 16:00:00;stocks;11.84;-5.55;11.84;-5.55
1662397200000;CEBR6.SA;11.18;11.18;11.1;11.1;11.1;600;11.83;-6.17;40.87;ESTAVEL;2022-09-05 17:00:00;stocks;11.83;-6.17;11.83;-6.17
1662400800000;CEBR6.SA;11.13;11.47;11.1;11.47;11.47;1500;11.83;-3.01;58.51;ESTAVEL;2022-09-05 18:00:00;stocks;11.83;-3.01;11.83;-3.01
1662404400000;CEBR6.SA;11.47;11.47;11.47;11.47;11.47;200;11.82;-2.98;58.51;ESTAVEL;2022-09-05 19:00:00;stocks;11.82;-2.98;11.82;-2.98
1662469200000;CEBR6.SA;11.46;11.46;11.4;11.4;11.4;0;11.82;-3.54;54.92;ESTAVEL;2022-09-06 13:00:00;stocks;11.82;-3.54;11.82;-3.54
1662472800000;CEBR6.SA;11.26;11.47;11.26;11.47;11.47;1400;11.82;-2.92;57.71;ESTAVEL;2022-09-06 14:00:00;stocks;11.81;-2.92;11.81;-2.92
1662476400000;CEBR6.SA;11.46;11.48;11.36;11.36;11.36;2200;11.81;-3.82;52.23;ESTAVEL;2022-09-06 15:00:00;stocks;11.81;-3.81;11.81;-3.81
1662480000000;CEBR6.SA;11.36;11.36;11.3;11.3;11.3;5500;11.81;-4.28;49.47;ESTAVEL;2022-09-06 16:00:00;stocks;11.81;-4.28;11.81;-4.28
1662483600000;CEBR6.SA;11.29;11.29;11.15;11.15;11.15;2200;11.8;-5.5;43.3;ESTAVEL;2022-09-06 17:00:00;stocks;11.8;-5.5;11.8;-5.5
1662487200000;CEBR6.SA;11.2;11.28;11.15;11.28;11.28;1300;11.79;-4.36;49.21;ESTAVEL;2022-09-06 18:00:00;stocks;11.79;-4.36;11.79;-4.36
1662490800000;CEBR6.SA;11.2;11.22;11.04;11.22;11.22;0;11.79;-4.82;46.79;ESTAVEL;2022-09-06 19:00:00;stocks;11.79;-4.82;11.79;-4.82
1662642000000;CEBR6.SA;11.22;11.22;11.1;11.18;11.18;1300;11.78;-5.11;45.19;ESTAVEL;2022-09-08 13:00:00;stocks;11.78;-5.11;11.78;-5.11
1662645600000;CEBR6.SA;11.18;11.18;11.1;11.1;11.1;500;11.78;-5.74;42.09;ESTAVEL;2022-09-08 14:00:00;stocks;11.78;-5.73;11.78;-5.73
1662649200000;CEBR6.SA;11.09;11.09;11.07;11.07;11.07;1000;11.77;-5.93;40.96;ESTAVEL;2022-09-08 15:00:00;stocks;11.77;-5.93;11.77;-5.93
1662652800000;CEBR6.SA;11.08;11.08;11.08;11.08;11.08;300;11.76;-5.79;41.53;ESTAVEL;2022-09-08 16:00:00;stocks;11.76;-5.79;11.76;-5.79
1662656400000;CEBR6.SA;11.07;11.07;11.07;11.07;11.07;100;11.75;-5.82;41.1;ESTAVEL;2022-09-08 17:00:00;stocks;11.75;-5.82;11.75;-5.82
1662660000000;CEBR6.SA;11.07;11.08;11.07;11.07;11.07;1000;11.75;-5.77;41.1;ESTAVEL;2022-09-08 18:00:00;stocks;11.75;-5.77;11.75;-5.77
1662663600000;CEBR6.SA;11.07;11.07;11.06;11.06;11.06;1000;11.74;-5.8;40.62;ESTAVEL;2022-09-08 19:00:00;stocks;11.74;-5.8;11.74;-5.8
1662728400000;CEBR6.SA;11.35;11.35;11.1;11.24;11.24;0;11.74;-4.23;51.59;ESTAVEL;2022-09-09 13:00:00;stocks;11.74;-4.22;11.74;-4.22
1662732000000;CEBR6.SA;11.24;11.29;11.24;11.29;11.29;1000;11.73;-3.76;54.13;ESTAVEL;2022-09-09 14:00:00;stocks;11.73;-3.76;11.73;-3.76
1662735600000;CEBR6.SA;11.2;11.3;11.13;11.13;11.13;700;11.73;-5.08;45.85;ESTAVEL;2022-09-09 15:00:00;stocks;11.73;-5.08;11.73;-5.08
1662739200000;CEBR6.SA;11.24;11.24;11.24;11.24;11.24;400;11.72;-4.1;51.36;ESTAVEL;2022-09-09 16:00:00;stocks;11.72;-4.1;11.72;-4.1
1662742800000;CEBR6.SA;11.12;11.24;11.09;11.22;11.22;1900;11.72;-4.23;50.36;ESTAVEL;2022-09-09 17:00:00;stocks;11.72;-4.23;11.72;-4.23
1662746400000;CEBR6.SA;11.1;11.1;11.1;11.1;11.1;600;11.71;-5.21;44.72;ESTAVEL;2022-09-09 18:00:00;stocks;11.71;-5.2;11.71;-5.2
1662750000000;CEBR6.SA;11.14;11.29;11.06;11.29;11.29;0;11.71;-3.55;53.58;ESTAVEL;2022-09-09 19:00:00;stocks;11.71;-3.55;11.71;-3.55
1662987600000;CEBR6.SA;11.25;11.29;11.25;11.28;11.28;2000;11.7;-3.6;53.1;ESTAVEL;2022-09-12 13:00:00;stocks;11.7;-3.6;11.7;-3.6
1662991200000;CEBR6.SA;11.28;11.28;11.28;11.28;11.28;700;11.7;-3.57;53.1;ESTAVEL;2022-09-12 14:00:00;stocks;11.7;-3.56;11.7;-3.56
1662994800000;CEBR6.SA;11.4;11.4;11.3;11.3;11.3;11800;11.69;-3.36;54.06;ESTAVEL;2022-09-12 15:00:00;stocks;11.69;-3.36;11.69;-3.36
1662998400000;CEBR6.SA;11.3;11.3;11.3;11.3;11.3;500;11.69;-3.33;54.06;ESTAVEL;2022-09-12 16:00:00;stocks;11.69;-3.33;11.69;-3.33
1663002000000;CEBR6.SA;11.3;11.3;11.3;11.3;11.3;800;11.69;-3.3;54.06;ESTAVEL;2022-09-12 17:00:00;stocks;11.69;-3.3;11.69;-3.3
1663005600000;CEBR6.SA;11.3;11.3;11.3;11.3;11.3;1700;11.68;-3.27;54.06;ESTAVEL;2022-09-12 18:00:00;stocks;11.68;-3.26;11.68;-3.26
1663009200000;CEBR6.SA;11.3;11.3;11.25;11.3;11.3;500;11.68;-3.23;54.06;ESTAVEL;2022-09-12 19:00:00;stocks;11.68;-3.23;11.68;-3.23
1663074000000;CEBR6.SA;11.49;11.49;11.29;11.29;11.29;0;11.67;-3.29;53.27;ESTAVEL;2022-09-13 13:00:00;stocks;11.67;-3.29;11.67;-3.29
1663077600000;CEBR6.SA;11.28;11.3;11.28;11.3;11.3;1800;11.67;-3.17;53.99;ESTAVEL;2022-09-13 14:00:00;stocks;11.67;-3.17;11.67;-3.17
1663081200000;CEBR6.SA;11.29;11.3;11.29;11.3;11.3;2100;11.67;-3.14;53.99;ESTAVEL;2022-09-13 15:00:00;stocks;11.67;-3.14;11.67;-3.14
1663084800000;CEBR6.SA;11.3;11.3;11.3;11.3;11.3;100;11.66;-3.11;53.99;ESTAVEL;2022-09-13 16:00:00;stocks;11.66;-3.11;11.66;-3.11
1663088400000;CEBR6.SA;11.3;11.3;11.28;11.3;11.3;900;11.66;-3.08;53.99;ESTAVEL;2022-09-13 17:00:00;stocks;11.66;-3.08;11.66;-3.08
1663092000000;CEBR6.SA;11.3;11.31;11.28;11.3;11.3;2100;11.66;-3.05;53.99;ESTAVEL;2022-09-13 18:00:00;stocks;11.66;-3.05;11.66;-3.05
1663095600000;CEBR6.SA;11.29;11.3;11.2;11.2;11.2;900;11.65;-3.87;44.1;ESTAVEL;2022-09-13 19:00:00;stocks;11.65;-3.87;11.65;-3.87
1663164000000;CEBR6.SA;11.22;11.41;11.22;11.41;11.41;0;11.65;-2.05;60.48;ESTAVEL;2022-09-14 14:00:00;stocks;11.65;-2.05;11.65;-2.05
1663167600000;CEBR6.SA;11.37;11.38;11.29;11.3;11.3;1300;11.65;-2.96;51.9;ESTAVEL;2022-09-14 15:00:00;stocks;11.64;-2.96;11.64;-2.96
1663171200000;CEBR6.SA;11.23;11.27;11.23;11.27;11.27;1100;11.64;-3.19;49.82;ESTAVEL;2022-09-14 16:00:00;stocks;11.64;-3.19;11.64;-3.19
1663174800000;CEBR6.SA;11.23;11.23;11.09;11.19;11.19;1600;11.64;-3.84;44.69;ESTAVEL;2022-09-14 17:00:00;stocks;11.64;-3.84;11.64;-3.84
1663178400000;CEBR6.SA;11.19;11.19;11.19;11.19;11.19;100;11.63;-3.8;44.69;ESTAVEL;2022-09-14 18:00:00;stocks;11.63;-3.8;11.63;-3.8
1663182000000;CEBR6.SA;11.19;11.19;11.18;11.18;11.18;200;11.63;-3.85;44.03;ESTAVEL;2022-09-14 19:00:00;stocks;11.63;-3.85;11.63;-3.85
1663246800000;CEBR6.SA;11.2;11.2;11.2;11.2;11.2;0;11.62;-3.65;45.75;ESTAVEL;2022-09-15 13:00:00;stocks;11.62;-3.64;11.62;-3.64
1663250400000;CEBR6.SA;11.22;11.3;11.22;11.29;11.29;800;11.62;-2.84;52.78;ESTAVEL;2022-09-15 14:00:00;stocks;11.62;-2.84;11.62;-2.84
1663254000000;CEBR6.SA;11.23;11.26;11.07;11.07;11.07;5500;11.61;-4.69;39.36;ESTAVEL;2022-09-15 15:00:00;stocks;11.61;-4.69;11.61;-4.69
1663257600000;CEBR6.SA;11.09;11.09;11.01;11.01;11.01;1700;11.61;-5.16;36.62;ESTAVEL;2022-09-15 16:00:00;stocks;11.61;-5.16;11.61;-5.16
1663261200000;CEBR6.SA;11.03;11.11;10.98;11.11;11.11;3200;11.6;-4.26;43.65;ESTAVEL;2022-09-15 17:00:00;stocks;11.6;-4.26;11.6;-4.26
1663264800000;CEBR6.SA;11.04;11.04;10.98;11.04;11.04;900;11.6;-4.81;40.28;ESTAVEL;2022-09-15 18:00:00;stocks;11.6;-4.81;11.6;-4.81
1663268400000;CEBR6.SA;11.04;11.12;10.9;10.92;10.92;18800;11.59;-5.79;35.26;ESTAVEL;2022-09-15 19:00:00;stocks;11.59;-5.79;11.59;-5.79
1663333200000;CEBR6.SA;10.9;10.92;10.79;10.9;10.9;0;11.58;-5.91;34.49;ESTAVEL;2022-09-16 13:00:00;stocks;11.58;-5.91;11.58;-5.91
1663336800000;CEBR6.SA;10.91;10.91;10.8;10.8;10.8;2300;11.58;-6.71;30.85;ESTAVEL;2022-09-16 14:00:00;stocks;11.58;-6.71;11.58;-6.71
1663340400000;CEBR6.SA;10.9;10.9;10.75;10.9;10.9;6000;11.57;-5.79;37.9;ESTAVEL;2022-09-16 15:00:00;stocks;11.57;-5.79;11.57;-5.79
1663344000000;CEBR6.SA;10.9;10.9;10.84;10.84;10.84;1600;11.56;-6.25;35.56;ESTAVEL;2022-09-16 16:00:00;stocks;11.56;-6.25;11.56;-6.25
1663354800000;CEBR6.SA;10.85;10.97;10.8;10.97;10.97;800;11.56;-5.08;43.68;ESTAVEL;2022-09-16 19:00:00;stocks;11.56;-5.08;11.56;-5.08
1663592400000;CEBR6.SA;10.98;11.1;10.98;11.1;11.1;0;11.55;-3.92;50.42;ESTAVEL;2022-09-19 13:00:00;stocks;11.55;-3.92;11.55;-3.92
1663596000000;CEBR6.SA;11.05;11.05;11.03;11.05;11.05;1400;11.55;-4.31;48.04;ESTAVEL;2022-09-19 14:00:00;stocks;11.55;-4.31;11.55;-4.31
1663599600000;CEBR6.SA;11.09;11.17;11.05;11.17;11.17;4000;11.54;-3.24;53.68;ESTAVEL;2022-09-19 15:00:00;stocks;11.54;-3.24;11.54;-3.24
1663603200000;CEBR6.SA;11.2;11.2;11.07;11.2;11.2;2100;11.54;-2.95;55.0;ESTAVEL;2022-09-19 16:00:00;stocks;11.54;-2.95;11.54;-2.95
1663606800000;CEBR6.SA;11.1;11.1;11.09;11.09;11.09;2300;11.54;-3.86;49.45;ESTAVEL;2022-09-19 17:00:00;stocks;11.54;-3.86;11.54;-3.86
1663610400000;CEBR6.SA;11.23;11.4;11.23;11.3;11.3;5600;11.53;-2.02;58.14;ESTAVEL;2022-09-19 18:00:00;stocks;11.53;-2.02;11.53;-2.02
1663614000000;CEBR6.SA;11.3;11.3;11.13;11.17;11.17;5300;11.53;-3.12;52.16;ESTAVEL;2022-09-19 19:00:00;stocks;11.53;-3.12;11.53;-3.12
1663678800000;CEBR6.SA;11.24;11.24;11.1;11.1;11.1;0;11.53;-3.69;49.23;ESTAVEL;2022-09-20 13:00:00;stocks;11.53;-3.69;11.53;-3.69
1663682400000;CEBR6.SA;11.1;11.1;11.1;11.1;11.1;800;11.52;-3.66;49.23;ESTAVEL;2022-09-20 14:00:00;stocks;11.52;-3.66;11.52;-3.66
1663686000000;CEBR6.SA;11.15;11.15;11.15;11.15;11.15;700;11.52;-3.19;51.49;ESTAVEL;2022-09-20 15:00:00;stocks;11.52;-3.19;11.52;-3.19
1663689600000;CEBR6.SA;11.14;11.14;11.08;11.08;11.08;700;11.51;-3.76;48.25;ESTAVEL;2022-09-20 16:00:00;stocks;11.51;-3.76;11.51;-3.76
1663693200000;CEBR6.SA;11.1;11.1;11.1;11.1;11.1;1100;11.51;-3.56;49.23;ESTAVEL;2022-09-20 17:00:00;stocks;11.51;-3.55;11.51;-3.55
1663696800000;CEBR6.SA;11.19;11.19;11.19;11.19;11.19;2100;11.51;-2.75;53.51;ESTAVEL;2022-09-20 18:00:00;stocks;11.51;-2.75;11.51;-2.75
1663700400000;CEBR6.SA;11.06;11.22;11.06;11.22;11.22;500;11.5;-2.46;54.87;ESTAVEL;2022-09-20 19:00:00;stocks;11.5;-2.46;11.5;-2.46
1663768800000;CEBR6.SA;11.1;11.1;11.1;11.1;11.1;0;11.5;-3.47;48.71;ESTAVEL;2022-09-21 14:00:00;stocks;11.5;-3.47;11.5;-3.47
1663772400000;CEBR6.SA;11.13;11.13;11.12;11.12;11.12;500;11.5;-3.27;49.73;ESTAVEL;2022-09-21 15:00:00;stocks;11.5;-3.26;11.5;-3.26
1663779600000;CEBR6.SA;11.24;11.24;11.13;11.13;11.13;300;11.49;-3.15;50.26;ESTAVEL;2022-09-21 17:00:00;stocks;11.49;-3.15;11.49;-3.15
1663783200000;CEBR6.SA;11.12;11.12;11.12;11.12;11.12;100;11.49;-3.2;49.69;ESTAVEL;2022-09-21 18:00:00;stocks;11.49;-3.2;11.49;-3.2
1663786800000;CEBR6.SA;11.12;11.2;11.1;11.2;11.2;1500;11.49;-2.48;54.12;ESTAVEL;2022-09-21 19:00:00;stocks;11.49;-2.48;11.49;-2.48
1663851600000;CEBR6.SA;11.15;11.15;11.15;11.15;11.15;0;11.48;-2.89;51.09;ESTAVEL;2022-09-22 13:00:00;stocks;11.48;-2.89;11.48;-2.89
1663858800000;CEBR6.SA;11.15;11.15;11.15;11.15;11.15;300;11.48;-2.86;51.09;ESTAVEL;2022-09-22 15:00:00;stocks;11.48;-2.86;11.48;-2.86
1663862400000;CEBR6.SA;11.15;11.15;11.15;11.15;11.15;400;11.48;-2.83;51.09;ESTAVEL;2022-09-22 16:00:00;stocks;11.48;-2.83;11.48;-2.83
1663866000000;CEBR6.SA;11.22;11.22;11.22;11.22;11.22;200;11.47;-2.2;55.45;ESTAVEL;2022-09-22 17:00:00;stocks;11.47;-2.2;11.47;-2.2
1663869600000;CEBR6.SA;11.21;11.21;11.1;11.1;11.1;1800;11.47;-3.22;47.62;ESTAVEL;2022-09-22 18:00:00;stocks;11.47;-3.22;11.47;-3.22
1663873200000;CEBR6.SA;11.1;11.18;11.1;11.18;11.18;3400;11.47;-2.5;52.44;ESTAVEL;2022-09-22 19:00:00;stocks;11.47;-2.49;11.47;-2.49
1663938000000;CEBR6.SA;11.18;11.18;11.1;11.16;11.16;0;11.46;-2.64;51.17;ESTAVEL;2022-09-23 13:00:00;stocks;11.46;-2.64;11.46;-2.64
1663941600000;CEBR6.SA;11.14;11.14;11.02;11.02;11.02;5500;11.46;-3.83;43.28;ESTAVEL;2022-09-23 14:00:00;stocks;11.46;-3.83;11.46;-3.83
1663945200000;CEBR6.SA;11.15;11.15;11.15;11.15;11.15;100;11.46;-2.67;50.86;ESTAVEL;2022-09-23 15:00:00;stocks;11.46;-2.67;11.46;-2.67
1663948800000;CEBR6.SA;11.1;11.1;11.1;11.1;11.1;100;11.45;-3.07;48.19;ESTAVEL;2022-09-23 16:00:00;stocks;11.45;-3.07;11.45;-3.07
1663952400000;CEBR6.SA;11.09;11.1;11.09;11.1;11.1;1900;11.45;-3.04;48.19;ESTAVEL;2022-09-23 17:00:00;stocks;11.45;-3.04;11.45;-3.04
1663956000000;CEBR6.SA;11.03;11.03;11.0;11.0;11.0;2300;11.44;-3.88;42.96;ESTAVEL;2022-09-23 18:00:00;stocks;11.44;-3.88;11.44;-3.88
1663959600000;CEBR6.SA;10.95;11.01;10.95;11.0;11.0;2800;11.44;-3.84;42.96;ESTAVEL;2022-09-23 19:00:00;stocks;11.44;-3.84;11.44;-3.84
1664197200000;CEBR6.SA;11.0;11.0;11.0;11.0;11.0;500;11.44;-3.81;42.96;ESTAVEL;2022-09-26 13:00:00;stocks;11.44;-3.81;11.44;-3.81
1664200800000;CEBR6.SA;11.05;11.12;11.05;11.12;11.12;200;11.43;-2.73;50.94;ESTAVEL;2022-09-26 14:00:00;stocks;11.43;-2.73;11.43;-2.73
1664204400000;CEBR6.SA;10.94;10.94;10.94;10.94;10.94;1500;11.43;-4.26;41.55;ESTAVEL;2022-09-26 15:00:00;stocks;11.43;-4.26;11.43;-4.26
1664208000000;CEBR6.SA;10.94;10.96;10.94;10.96;10.96;1200;11.42;-4.05;42.81;ESTAVEL;2022-09-26 16:00:00;stocks;11.42;-4.05;11.42;-4.05
1664211600000;CEBR6.SA;10.96;11.11;10.96;11.11;11.11;1700;11.42;-2.71;51.3;ESTAVEL;2022-09-26 17:00:00;stocks;11.42;-2.71;11.42;-2.71
1664215200000;CEBR6.SA;11.0;11.0;11.0;11.0;11.0;2100;11.42;-3.64;45.92;ESTAVEL;2022-09-26 18:00:00;stocks;11.42;-3.64;11.42;-3.64
1664218800000;CEBR6.SA;10.95;11.11;10.95;11.11;11.11;1200;11.41;-2.65;51.41;ESTAVEL;2022-09-26 19:00:00;stocks;11.41;-2.65;11.41;-2.65
1664283600000;CEBR6.SA;10.95;11.04;10.95;11.04;11.04;0;11.41;-3.23;48.06;ESTAVEL;2022-09-27 13:00:00;stocks;11.41;-3.23;11.41;-3.23
1664287200000;CEBR6.SA;11.05;11.2;11.05;11.09;11.09;6400;11.41;-2.77;50.54;ESTAVEL;2022-09-27 14:00:00;stocks;11.41;-2.76;11.41;-2.76
1664290800000;CEBR6.SA;11.08;11.09;11.08;11.09;11.09;2800;11.4;-2.74;50.54;ESTAVEL;2022-09-27 15:00:00;stocks;11.4;-2.74;11.4;-2.74
1664294400000;CEBR6.SA;11.08;11.15;11.02;11.02;11.02;500;11.4;-3.32;46.91;ESTAVEL;2022-09-27 16:00:00;stocks;11.4;-3.32;11.4;-3.32
1664298000000;CEBR6.SA;11.05;11.05;11.04;11.04;11.04;700;11.39;-3.11;48.06;ESTAVEL;2022-09-27 17:00:00;stocks;11.39;-3.11;11.39;-3.11
1664301600000;CEBR6.SA;11.01;11.01;11.0;11.0;11.0;600;11.39;-3.43;45.92;ESTAVEL;2022-09-27 18:00:00;stocks;11.39;-3.43;11.39;-3.43
1664305200000;CEBR6.SA;11.08;11.08;10.99;10.99;10.99;900;11.39;-3.49;45.38;ESTAVEL;2022-09-27 19:00:00;stocks;11.39;-3.49;11.39;-3.49
1664370000000;CEBR6.SA;10.92;11.0;10.9;10.91;10.91;0;11.38;-4.15;41.18;ESTAVEL;2022-09-28 13:00:00;stocks;11.38;-4.15;11.38;-4.15
1664373600000;CEBR6.SA;10.99;11.0;10.99;11.0;11.0;800;11.38;-3.33;47.11;ESTAVEL;2022-09-28 14:00:00;stocks;11.38;-3.33;11.38;-3.33
1664377200000;CEBR6.SA;10.87;10.87;10.87;10.87;10.87;100;11.37;-4.43;40.72;ESTAVEL;2022-09-28 15:00:00;stocks;11.37;-4.43;11.37;-4.43
1664380800000;CEBR6.SA;10.86;10.86;10.86;10.86;10.86;200;11.37;-4.47;40.27;ESTAVEL;2022-09-28 16:00:00;stocks;11.37;-4.47;11.37;-4.47
1664388000000;CEBR6.SA;10.99;10.99;10.99;10.99;10.99;1300;11.36;-3.3;48.31;ESTAVEL;2022-09-28 18:00:00;stocks;11.36;-3.29;11.36;-3.29
1664391600000;CEBR6.SA;10.9;10.98;10.9;10.9;10.9;900;11.36;-4.05;43.9;ESTAVEL;2022-09-28 19:00:00;stocks;11.36;-4.05;11.36;-4.05
1664456400000;CEBR6.SA;10.84;10.84;10.84;10.84;10.84;100;11.35;-4.53;41.21;ESTAVEL;2022-09-29 13:00:00;stocks;11.35;-4.53;11.35;-4.53
1664460000000;CEBR6.SA;10.84;10.84;10.55;10.68;10.68;3800;11.35;-5.89;35.03;ESTAVEL;2022-09-29 14:00:00;stocks;11.35;-5.89;11.35;-5.89
1664467200000;CEBR6.SA;10.68;10.68;10.66;10.66;10.66;400;11.34;-6.01;34.33;ESTAVEL;2022-09-29 16:00:00;stocks;11.34;-6.01;11.34;-6.01
1664470800000;CEBR6.SA;10.65;10.89;10.65;10.89;10.89;2500;11.34;-3.94;47.26;ESTAVEL;2022-09-29 17:00:00;stocks;11.34;-3.94;11.34;-3.94
1664474400000;CEBR6.SA;10.91;11.1;10.91;11.1;11.1;0;11.33;-2.07;55.81;ESTAVEL;2022-09-29 18:00:00;stocks;11.33;-2.07;11.33;-2.07
1664478000000;CEBR6.SA;11.03;11.04;11.03;11.04;11.04;7600;11.33;-2.57;53.16;ESTAVEL;2022-09-29 19:00:00;stocks;11.33;-2.57;11.33;-2.57
1664542800000;CEBR6.SA;11.02;11.1;11.02;11.09;11.09;0;11.33;-2.11;55.07;ESTAVEL;2022-09-30 13:00:00;stocks;11.33;-2.11;11.33;-2.11
1664546400000;CEBR6.SA;11.09;11.09;11.09;11.09;11.09;400;11.33;-2.09;55.07;ESTAVEL;2022-09-30 14:00:00;stocks;11.33;-2.09;11.33;-2.09
1664550000000;CEBR6.SA;11.0;11.0;11.0;11.0;11.0;500;11.32;-2.86;50.74;ESTAVEL;2022-09-30 15:00:00;stocks;11.32;-2.85;11.32;-2.85
1664553600000;CEBR6.SA;11.05;11.09;11.05;11.09;11.09;500;11.32;-2.04;54.59;ESTAVEL;2022-09-30 16:00:00;stocks;11.32;-2.04;11.32;-2.04
1664557200000;CEBR6.SA;11.09;11.09;11.08;11.09;11.09;1500;11.32;-2.02;54.59;ESTAVEL;2022-09-30 17:00:00;stocks;11.32;-2.02;11.32;-2.02
1664560800000;CEBR6.SA;11.09;11.09;11.07;11.08;11.08;700;11.32;-2.09;54.04;ESTAVEL;2022-09-30 18:00:00;stocks;11.32;-2.09;11.32;-2.09
1664564400000;CEBR6.SA;11.08;11.08;11.0;11.08;11.08;2000;11.31;-2.07;54.04;ESTAVEL;2022-09-30 19:00:00;stocks;11.31;-2.07;11.31;-2.07
1664802000000;CEBR6.SA;10.84;11.04;10.79;11.01;11.01;600;11.31;-2.66;50.0;ESTAVEL;2022-10-03 13:00:00;stocks;11.31;-2.66;11.31;-2.66
1664805600000;CEBR6.SA;11.0;11.14;11.0;11.08;11.08;900;11.31;-2.02;53.73;ESTAVEL;2022-10-03 14:00:00;stocks;11.31;-2.02;11.31;-2.02
1664809200000;CEBR6.SA;11.02;11.08;11.01;11.01;11.01;1900;11.31;-2.62;49.73;ESTAVEL;2022-10-03 15:00:00;stocks;11.31;-2.61;11.31;-2.61
1664812800000;CEBR6.SA;11.08;11.08;11.01;11.08;11.08;400;11.3;-1.98;53.46;ESTAVEL;2022-10-03 16:00:00;stocks;11.3;-1.98;11.3;-1.98
1664816400000;CEBR6.SA;11.08;11.08;11.08;11.08;11.08;600;11.3;-1.96;53.46;ESTAVEL;2022-10-03 17:00:00;stocks;11.3;-1.96;11.3;-1.96
1664820000000;CEBR6.SA;11.08;11.08;11.08;11.08;11.08;100;11.3;-1.94;53.46;ESTAVEL;2022-10-03 18:00:00;stocks;11.3;-1.94;11.3;-1.94
1664823600000;CEBR6.SA;11.08;11.08;11.0;11.0;11.0;3700;11.3;-2.62;48.34;ESTAVEL;2022-10-03 19:00:00;stocks;11.3;-2.62;11.3;-2.62
1664888400000;CEBR6.SA;10.89;11.17;10.88;11.17;11.17;9700;11.29;-1.1;57.62;ESTAVEL;2022-10-04 13:00:00;stocks;11.29;-1.1;11.29;-1.1
1664892000000;CEBR6.SA;11.24;11.27;11.1;11.1;11.1;3200;11.29;-1.71;53.37;ESTAVEL;2022-10-04 14:00:00;stocks;11.29;-1.71;11.29;-1.71
1664895600000;CEBR6.SA;11.1;11.1;11.1;11.1;11.1;700;11.29;-1.69;53.37;ESTAVEL;2022-10-04 15:00:00;stocks;11.29;-1.69;11.29;-1.69
1664899200000;CEBR6.SA;11.15;11.15;11.02;11.02;11.02;400;11.29;-2.38;48.62;ESTAVEL;2022-10-04 16:00:00;stocks;11.29;-2.38;11.29;-2.38
1664902800000;CEBR6.SA;11.05;11.05;11.05;11.05;11.05;200;11.29;-2.09;50.4;ESTAVEL;2022-10-04 17:00:00;stocks;11.29;-2.09;11.29;-2.09
1664906400000;CEBR6.SA;11.05;11.13;11.0;11.13;11.13;2600;11.28;-1.37;54.9;ESTAVEL;2022-10-04 18:00:00;stocks;11.28;-1.37;11.28;-1.37
1664910000000;CEBR6.SA;11.1;11.15;11.1;11.15;11.15;1400;11.28;-1.18;55.98;ESTAVEL;2022-10-04 19:00:00;stocks;11.28;-1.18;11.28;-1.18
1664974800000;CEBR6.SA;11.17;11.17;11.15;11.16;11.16;0;11.28;-1.08;56.53;ESTAVEL;2022-10-05 13:00:00;stocks;11.28;-1.08;11.28;-1.08
1664978400000;CEBR6.SA;11.15;11.16;11.08;11.16;11.16;0;11.28;-1.07;56.53;ESTAVEL;2022-10-05 14:00:00;stocks;11.28;-1.07;11.28;-1.07
1664982000000;CEBR6.SA;11.16;11.26;11.16;11.26;11.26;2700;11.28;-0.18;62.1;ESTAVEL;2022-10-05 15:00:00;stocks;11.28;-0.18;11.28;-0.18
1664985600000;CEBR6.SA;11.18;11.24;11.1;11.1;11.1;4200;11.28;-1.58;50.87;ESTAVEL;2022-10-05 16:00:00;stocks;11.28;-1.58;11.28;-1.58
1664989200000;CEBR6.SA;11.22;11.28;11.22;11.28;11.28;800;11.28;0.01;59.7;ESTAVEL;2022-10-05 17:00:00;stocks;11.28;0.01;11.28;0.01
1664992800000;CEBR6.SA;11.27;11.27;11.27;11.27;11.27;600;11.28;-0.08;59.07;ESTAVEL;2022-10-05 18:00:00;stocks;11.28;-0.07;11.28;-0.07
1664996400000;CEBR6.SA;11.14;11.14;11.1;11.1;11.1;5300;11.28;-1.57;49.44;ESTAVEL;2022-10-05 19:00:00;stocks;11.28;-1.57;11.28;-1.57
1665061200000;CEBR6.SA;11.1;11.1;11.03;11.1;11.1;0;11.27;-1.55;49.44;ESTAVEL;2022-10-06 13:00:00;stocks;11.27;-1.55;11.27;-1.55
1665064800000;CEBR6.SA;11.1;11.1;11.05;11.1;11.1;6100;11.27;-1.54;49.44;ESTAVEL;2022-10-06 14:00:00;stocks;11.27;-1.54;11.27;-1.54
1665068400000;CEBR6.SA;11.1;11.1;11.1;11.1;11.1;1000;11.27;-1.52;49.44;ESTAVEL;2022-10-06 15:00:00;stocks;11.27;-1.52;11.27;-1.52
1665072000000;CEBR6.SA;11.1;11.1;11.1;11.1;11.1;1000;11.27;-1.51;49.44;ESTAVEL;2022-10-06 16:00:00;stocks;11.27;-1.51;11.27;-1.51
1665075600000;CEBR6.SA;11.1;11.1;11.1;11.1;11.1;600;11.27;-1.49;49.44;ESTAVEL;2022-10-06 17:00:00;stocks;11.27;-1.49;11.27;-1.49
1665079200000;CEBR6.SA;11.06;11.1;11.0;11.1;11.1;6400;11.27;-1.48;49.44;ESTAVEL;2022-10-06 18:00:00;stocks;11.27;-1.48;11.27;-1.48
1665082800000;CEBR6.SA;11.02;11.09;11.02;11.09;11.09;400;11.26;-1.55;48.65;ESTAVEL;2022-10-06 19:00:00;stocks;11.26;-1.55;11.26;-1.55
1665147600000;CEBR6.SA;11.05;11.05;10.88;10.9;10.9;0;11.26;-3.21;36.74;ESTAVEL;2022-10-07 13:00:00;stocks;11.26;-3.21;11.26;-3.21
1665151200000;CEBR6.SA;10.9;10.9;10.88;10.9;10.9;1200;11.26;-3.18;36.74;ESTAVEL;2022-10-07 14:00:00;stocks;11.26;-3.17;11.26;-3.17
1665154800000;CEBR6.SA;10.9;10.9;10.9;10.9;10.9;3500;11.25;-3.14;36.74;ESTAVEL;2022-10-07 15:00:00;stocks;11.25;-3.14;11.25;-3.14
1665158400000;CEBR6.SA;10.9;11.1;10.9;10.96;10.96;24100;11.25;-2.59;42.31;ESTAVEL;2022-10-07 16:00:00;stocks;11.25;-2.59;11.25;-2.59
1665165600000;CEBR6.SA;10.99;10.99;10.99;10.99;10.99;100;11.25;-2.3;44.92;ESTAVEL;2022-10-07 18:00:00;stocks;11.25;-2.3;11.25;-2.3
1665169200000;CEBR6.SA;11.05;11.05;11.05;11.05;11.05;200;11.25;-1.75;49.82;ESTAVEL;2022-10-07 19:00:00;stocks;11.25;-1.75;11.25;-1.75
1665406800000;CEBR6.SA;11.19;11.3;11.03;11.03;11.03;0;11.24;-1.91;48.28;ESTAVEL;2022-10-10 13:00:00;stocks;11.24;-1.9;11.24;-1.9
1665410400000;CEBR6.SA;11.09;11.09;11.07;11.07;11.07;0;11.24;-1.53;51.51;ESTAVEL;2022-10-10 14:00:00;stocks;11.24;-1.53;11.24;-1.53
1665414000000;CEBR6.SA;11.08;11.13;11.08;11.13;11.13;800;11.24;-0.99;55.95;ESTAVEL;2022-10-10 15:00:00;stocks;11.24;-0.99;11.24;-0.99
1665417600000;CEBR6.SA;11.1;11.1;11.05;11.05;11.05;300;11.24;-1.69;49.44;ESTAVEL;2022-10-10 16:00:00;stocks;11.24;-1.69;11.24;-1.69
1665421200000;CEBR6.SA;11.13;11.3;11.13;11.3;11.3;6800;11.24;0.53;63.66;ESTAVEL;2022-10-10 17:00:00;stocks;11.24;0.53;11.24;0.53
1665424800000;CEBR6.SA;11.3;11.4;11.3;11.4;11.4;22100;11.24;1.41;67.59;ESTAVEL;2022-10-10 18:00:00;stocks;11.24;1.41;11.24;1.41
1665428400000;CEBR6.SA;11.31;11.39;11.3;11.39;11.39;4000;11.24;1.31;66.81;ESTAVEL;2022-10-10 19:00:00;stocks;11.24;1.31;11.24;1.31
1665493200000;CEBR6.SA;11.39;11.39;11.22;11.22;11.22;0;11.24;-0.2;55.19;ESTAVEL;2022-10-11 13:00:00;stocks;11.24;-0.2;11.24;-0.2
1665496800000;CEBR6.SA;11.22;11.3;11.22;11.3;11.3;8700;11.24;0.5;58.82;ESTAVEL;2022-10-11 14:00:00;stocks;11.24;0.5;11.24;0.5
1665500400000;CEBR6.SA;11.33;11.33;11.33;11.33;11.33;300;11.24;0.76;60.12;ESTAVEL;2022-10-11 15:00:00;stocks;11.24;0.76;11.24;0.76
1665504000000;CEBR6.SA;11.33;11.33;11.22;11.22;11.22;4800;11.24;-0.21;53.44;ESTAVEL;2022-10-11 16:00:00;stocks;11.24;-0.21;11.24;-0.21
1665507600000;CEBR6.SA;11.23;11.23;11.21;11.21;11.21;300;11.24;-0.3;52.86;ESTAVEL;2022-10-11 17:00:00;stocks;11.24;-0.3;11.24;-0.3
1665511200000;CEBR6.SA;11.21;11.22;11.21;11.21;11.21;6500;11.24;-0.3;52.86;ESTAVEL;2022-10-11 18:00:00;stocks;11.24;-0.3;11.24;-0.3
1665514800000;CEBR6.SA;11.21;11.3;11.21;11.21;11.21;5700;11.24;-0.29;52.86;ESTAVEL;2022-10-11 19:00:00;stocks;11.24;-0.29;11.24;-0.29
1665666000000;CEBR6.SA;11.31;11.49;11.31;11.31;11.31;0;11.24;0.59;58.45;ESTAVEL;2022-10-13 13:00:00;stocks;11.24;0.59;11.24;0.59
1665669600000;CEBR6.SA;11.3;11.3;11.21;11.29;11.29;3900;11.24;0.41;57.0;ESTAVEL;2022-10-13 14:00:00;stocks;11.24;0.41;11.24;0.41
1665673200000;CEBR6.SA;11.25;11.29;11.25;11.29;11.29;400;11.24;0.4;57.0;ESTAVEL;2022-10-13 15:00:00;stocks;11.24;0.4;11.24;0.4
1665676800000;CEBR6.SA;11.29;11.3;11.23;11.28;11.28;800;11.25;0.31;56.18;ESTAVEL;2022-10-13 16:00:00;stocks;11.24;0.31;11.24;0.31
1665684000000;CEBR6.SA;11.25;11.25;11.25;11.25;11.25;200;11.25;0.04;53.71;ESTAVEL;2022-10-13 18:00:00;stocks;11.25;0.04;11.25;0.04
1665687600000;CEBR6.SA;11.22;11.22;11.18;11.2;11.2;6400;11.24;-0.4;49.79;ESTAVEL;2022-10-13 19:00:00;stocks;11.24;-0.4;11.24;-0.4
1665756000000;CEBR6.SA;11.15;11.15;11.15;11.15;11.15;0;11.24;-0.83;46.15;ESTAVEL;2022-10-14 14:00:00;stocks;11.24;-0.83;11.24;-0.83
1665759600000;CEBR6.SA;11.15;11.15;11.1;11.1;11.1;4300;11.24;-1.27;42.79;ESTAVEL;2022-10-14 15:00:00;stocks;11.24;-1.26;11.24;-1.26
1665763200000;CEBR6.SA;11.08;11.08;11.0;11.0;11.0;1000;11.24;-2.13;36.98;ESTAVEL;2022-10-14 16:00:00;stocks;11.24;-2.13;11.24;-2.13
1665766800000;CEBR6.SA;11.1;11.1;11.0;11.0;11.0;7000;11.24;-2.11;36.98;ESTAVEL;2022-10-14 17:00:00;stocks;11.24;-2.11;11.24;-2.11
1665770400000;CEBR6.SA;11.0;11.0;11.0;11.0;11.0;200;11.24;-2.09;36.98;ESTAVEL;2022-10-14 18:00:00;stocks;11.24;-2.09;11.24;-2.09
1665774000000;CEBR6.SA;11.0;11.0;11.0;11.0;11.0;200;11.23;-2.07;36.98;ESTAVEL;2022-10-14 19:00:00;stocks;11.23;-2.07;11.23;-2.07
1666011600000;CEBR6.SA;11.02;11.02;10.88;10.88;10.88;2800;11.23;-3.11;30.34;ESTAVEL;2022-10-17 13:00:00;stocks;11.23;-3.11;11.23;-3.11
1666015200000;CEBR6.SA;11.01;11.16;11.01;11.16;11.16;1500;11.23;-0.61;52.01;ESTAVEL;2022-10-17 14:00:00;stocks;11.23;-0.61;11.23;-0.61
1666018800000;CEBR6.SA;11.15;11.15;11.06;11.06;11.06;1700;11.23;-1.49;46.45;ESTAVEL;2022-10-17 15:00:00;stocks;11.23;-1.49;11.23;-1.49
1666022400000;CEBR6.SA;11.06;11.15;11.06;11.15;11.15;1100;11.23;-0.68;51.47;ESTAVEL;2022-10-17 16:00:00;stocks;11.23;-0.68;11.23;-0.68
1666026000000;CEBR6.SA;11.08;11.08;11.08;11.08;11.08;100;11.22;-1.29;47.72;ESTAVEL;2022-10-17 17:00:00;stocks;11.22;-1.29;11.22;-1.29
1666033200000;CEBR6.SA;11.15;11.2;11.15;11.2;11.2;5800;11.22;-0.22;53.92;ESTAVEL;2022-10-17 19:00:00;stocks;11.22;-0.22;11.22;-0.22
1666098000000;CEBR6.SA;11.26;11.26;11.0;11.02;11.02;6100;11.22;-1.8;45.25;ESTAVEL;2022-10-18 13:00:00;stocks;11.22;-1.8;11.22;-1.8
1666101600000;CEBR6.SA;11.18;11.19;11.18;11.19;11.19;1200;11.22;-0.29;52.95;ESTAVEL;2022-10-18 14:00:00;stocks;11.22;-0.29;11.22;-0.29
1666105200000;CEBR6.SA;11.19;11.19;11.18;11.18;11.18;1100;11.22;-0.37;52.48;ESTAVEL;2022-10-18 15:00:00;stocks;11.22;-0.37;11.22;-0.37
1666108800000;CEBR6.SA;11.18;11.18;11.08;11.1;11.1;1000;11.22;-1.07;48.77;ESTAVEL;2022-10-18 16:00:00;stocks;11.22;-1.07;11.22;-1.07
1666112400000;CEBR6.SA;11.1;11.18;11.1;11.18;11.18;300;11.22;-0.36;52.39;ESTAVEL;2022-10-18 17:00:00;stocks;11.22;-0.36;11.22;-0.36
1666116000000;CEBR6.SA;11.17;11.17;11.06;11.06;11.06;1200;11.22;-1.41;47.02;ESTAVEL;2022-10-18 18:00:00;stocks;11.22;-1.41;11.22;-1.41
1666119600000;CEBR6.SA;11.11;11.11;11.06;11.1;11.1;1700;11.22;-1.05;48.9;ESTAVEL;2022-10-18 19:00:00;stocks;11.22;-1.05;11.22;-1.05
1666184400000;CEBR6.SA;11.02;11.19;11.0;11.19;11.19;0;11.22;-0.24;52.95;ESTAVEL;2022-10-19 13:00:00;stocks;11.22;-0.24;11.22;-0.24
1666188000000;CEBR6.SA;11.14;11.17;11.1;11.1;11.1;400;11.22;-1.03;48.79;ESTAVEL;2022-10-19 14:00:00;stocks;11.22;-1.03;11.22;-1.03
1666191600000;CEBR6.SA;11.11;11.11;11.1;11.1;11.1;400;11.21;-1.02;48.79;ESTAVEL;2022-10-19 15:00:00;stocks;11.21;-1.02;11.21;-1.02
1666195200000;CEBR6.SA;11.17;11.21;11.15;11.2;11.2;6000;11.21;-0.13;53.5;ESTAVEL;2022-10-19 16:00:00;stocks;11.21;-0.13;11.21;-0.13
1666198800000;CEBR6.SA;11.11;11.11;11.11;11.11;11.11;1000;11.21;-0.92;49.12;ESTAVEL;2022-10-19 17:00:00;stocks;11.21;-0.92;11.21;-0.92
1666202400000;CEBR6.SA;11.13;11.13;11.02;11.12;11.12;14100;11.21;-0.83;49.61;ESTAVEL;2022-10-19 18:00:00;stocks;11.21;-0.83;11.21;-0.83
1666206000000;CEBR6.SA;11.05;11.15;11.03;11.15;11.15;1200;11.21;-0.55;51.14;ESTAVEL;2022-10-19 19:00:00;stocks;11.21;-0.55;11.21;-0.55
1666270800000;CEBR6.SA;11.11;11.28;11.08;11.28;11.28;300;11.21;0.6;57.21;ESTAVEL;2022-10-20 13:00:00;stocks;11.21;0.6;11.21;0.6
1666274400000;CEBR6.SA;11.25;11.25;11.25;11.25;11.25;100;11.21;0.33;55.5;ESTAVEL;2022-10-20 14:00:00;stocks;11.21;0.33;11.21;0.33
1666278000000;CEBR6.SA;11.14;11.22;11.12;11.22;11.22;400;11.21;0.06;53.76;ESTAVEL;2022-10-20 15:00:00;stocks;11.21;0.06;11.21;0.06
1666281600000;CEBR6.SA;11.12;11.16;11.1;11.16;11.16;2600;11.21;-0.47;50.38;ESTAVEL;2022-10-20 16:00:00;stocks;11.21;-0.47;11.21;-0.47
1666285200000;CEBR6.SA;11.14;11.14;11.14;11.14;11.14;200;11.21;-0.64;49.26;ESTAVEL;2022-10-20 17:00:00;stocks;11.21;-0.64;11.21;-0.64
1666288800000;CEBR6.SA;11.15;11.15;11.14;11.14;11.14;900;11.21;-0.63;49.26;ESTAVEL;2022-10-20 18:00:00;stocks;11.21;-0.63;11.21;-0.63
1666292400000;CEBR6.SA;11.07;11.07;10.98;10.98;10.98;7000;11.21;-2.04;40.87;ESTAVEL;2022-10-20 19:00:00;stocks;11.21;-2.04;11.21;-2.04
1666357200000;CEBR6.SA;11.15;11.15;10.98;10.98;10.98;7400;11.21;-2.02;40.87;ESTAVEL;2022-10-21 13:00:00;stocks;11.21;-2.02;11.21;-2.02
1666360800000;CEBR6.SA;11.05;11.1;11.05;11.1;11.1;600;11.21;-0.94;48.5;ESTAVEL;2022-10-21 14:00:00;stocks;11.21;-0.94;11.21;-0.94
1666364400000;CEBR6.SA;11.13;11.13;11.1;11.1;11.1;400;11.2;-0.93;48.5;ESTAVEL;2022-10-21 15:00:00;stocks;11.2;-0.93;11.2;-0.93
1666368000000;CEBR6.SA;11.04;11.13;11.04;11.04;11.04;400;11.2;-1.45;45.13;ESTAVEL;2022-10-21 16:00:00;stocks;11.2;-1.45;11.2;-1.45
1666371600000;CEBR6.SA;11.03;11.03;11.0;11.02;11.02;5200;11.2;-1.62;44.03;ESTAVEL;2022-10-21 17:00:00;stocks;11.2;-1.62;11.2;-1.62
1666375200000;CEBR6.SA;11.02;11.03;11.02;11.03;11.03;0;11.2;-1.51;44.75;ESTAVEL;2022-10-21 18:00:00;stocks;11.2;-1.51;11.2;-1.51
1666378800000;CEBR6.SA;11.01;11.01;11.01;11.01;11.01;3000;11.2;-1.67;43.54;ESTAVEL;2022-10-21 19:00:00;stocks;11.2;-1.67;11.2;-1.67
1666616400000;CEBR6.SA;11.2;11.2;11.03;11.08;11.08;6000;11.2;-1.04;48.78;ESTAVEL;2022-10-24 13:00:00;stocks;11.2;-1.04;11.2;-1.04
1666620000000;CEBR6.SA;11.08;11.08;11.02;11.02;11.02;1700;11.19;-1.56;44.93;ESTAVEL;2022-10-24 14:00:00;stocks;11.19;-1.56;11.19;-1.56
1666623600000;CEBR6.SA;11.02;11.02;11.0;11.01;11.01;1800;11.19;-1.63;44.3;ESTAVEL;2022-10-24 15:00:00;stocks;11.19;-1.63;11.19;-1.63
1666627200000;CEBR6.SA;11.05;11.05;11.05;11.05;11.05;400;11.19;-1.26;47.46;ESTAVEL;2022-10-24 16:00:00;stocks;11.19;-1.26;11.19;-1.26
1666630800000;CEBR6.SA;11.03;11.05;11.03;11.05;11.05;700;11.19;-1.25;47.46;ESTAVEL;2022-10-24 17:00:00;stocks;11.19;-1.25;11.19;-1.25
1666634400000;CEBR6.SA;11.04;11.09;11.04;11.09;11.09;1200;11.19;-0.88;50.71;ESTAVEL;2022-10-24 18:00:00;stocks;11.19;-0.88;11.19;-0.88
1666638000000;CEBR6.SA;11.06;11.06;11.06;11.06;11.06;200;11.19;-1.14;48.3;ESTAVEL;2022-10-24 19:00:00;stocks;11.19;-1.14;11.19;-1.14
1666702800000;CEBR6.SA;11.18;11.18;11.05;11.05;11.05;300;11.19;-1.22;47.49;ESTAVEL;2022-10-25 13:00:00;stocks;11.19;-1.22;11.19;-1.22
1666706400000;CEBR6.SA;11.02;11.02;11.0;11.01;11.01;1000;11.18;-1.56;44.29;ESTAVEL;2022-10-25 14:00:00;stocks;11.18;-1.56;11.18;-1.56
1666713600000;CEBR6.SA;11.01;11.01;11.01;11.01;11.01;100;11.18;-1.54;44.29;ESTAVEL;2022-10-25 16:00:00;stocks;11.18;-1.54;11.18;-1.54
1666717200000;CEBR6.SA;11.06;11.06;11.06;11.06;11.06;400;11.18;-1.09;49.24;ESTAVEL;2022-10-25 17:00:00;stocks;11.18;-1.09;11.18;-1.09
1666720800000;CEBR6.SA;11.06;11.06;11.06;11.06;11.06;100;11.18;-1.08;49.24;ESTAVEL;2022-10-25 18:00:00;stocks;11.18;-1.08;11.18;-1.08
1666724400000;CEBR6.SA;11.06;11.06;11.02;11.02;11.02;1300;11.18;-1.42;45.49;ESTAVEL;2022-10-25 19:00:00;stocks;11.18;-1.42;11.18;-1.42
1666789200000;CEBR6.SA;11.02;11.11;11.01;11.01;11.01;900;11.18;-1.49;44.57;ESTAVEL;2022-10-26 13:00:00;stocks;11.18;-1.49;11.18;-1.49
1666792800000;CEBR6.SA;11.07;11.08;11.07;11.08;11.08;300;11.18;-0.86;51.87;ESTAVEL;2022-10-26 14:00:00;stocks;11.18;-0.86;11.18;-0.86
1666796400000;CEBR6.SA;11.08;11.08;10.99;10.99;10.99;6500;11.17;-1.65;43.87;ESTAVEL;2022-10-26 15:00:00;stocks;11.17;-1.65;11.17;-1.65
1666800000000;CEBR6.SA;10.99;11.01;10.9;11.01;11.01;8300;11.17;-1.45;45.87;ESTAVEL;2022-10-26 16:00:00;stocks;11.17;-1.45;11.17;-1.45
1666803600000;CEBR6.SA;10.96;10.96;10.96;10.96;10.96;400;11.17;-1.88;41.86;ESTAVEL;2022-10-26 17:00:00;stocks;11.17;-1.88;11.17;-1.88
1666807200000;CEBR6.SA;10.9;10.9;10.89;10.89;10.89;1000;11.17;-2.49;36.98;ESTAVEL;2022-10-26 18:00:00;stocks;11.17;-2.49;11.17;-2.49
1666810800000;CEBR6.SA;10.89;10.9;10.89;10.9;10.9;800;11.16;-2.37;38.09;ESTAVEL;2022-10-26 19:00:00;stocks;11.16;-2.37;11.16;-2.37
1666875600000;CEBR6.SA;10.81;10.99;10.8;10.89;10.89;500;11.16;-2.44;37.38;ESTAVEL;2022-10-27 13:00:00;stocks;11.16;-2.44;11.16;-2.44
1666879200000;CEBR6.SA;10.89;10.89;10.89;10.89;10.89;200;11.16;-2.41;37.38;ESTAVEL;2022-10-27 14:00:00;stocks;11.16;-2.41;11.16;-2.41
1666886400000;CEBR6.SA;10.97;10.97;10.97;10.97;10.97;100;11.16;-1.68;46.6;ESTAVEL;2022-10-27 16:00:00;stocks;11.16;-1.68;11.16;-1.68
1666897200000;CEBR6.SA;10.97;10.97;10.9;10.9;10.9;1000;11.16;-2.29;40.93;ESTAVEL;2022-10-27 19:00:00;stocks;11.16;-2.29;11.16;-2.29
1666969200000;CEBR6.SA;10.99;10.99;10.9;10.9;10.9;100;11.15;-2.26;40.93;ESTAVEL;2022-10-28 15:00:00;stocks;11.15;-2.26;11.15;-2.26
1666972800000;CEBR6.SA;10.9;10.91;10.89;10.89;10.89;1700;11.15;-2.33;40.12;ESTAVEL;2022-10-28 16:00:00;stocks;11.15;-2.33;11.15;-2.33
1666980000000;CEBR6.SA;10.89;10.89;10.87;10.87;10.87;1000;11.15;-2.49;38.48;ESTAVEL;2022-10-28 18:00:00;stocks;11.15;-2.49;11.15;-2.49
1666983600000;CEBR6.SA;10.9;10.9;10.9;10.9;10.9;600;11.14;-2.2;42.29;ESTAVEL;2022-10-28 19:00:00;stocks;11.14;-2.2;11.14;-2.2
1667221200000;CEBR6.SA;10.84;10.84;10.01;10.01;10.01;14400;11.13;-10.09;14.2;SUBIR;2022-10-31 13:00:00;stocks;11.13;-10.09;11.13;-10.09
1667224800000;CEBR6.SA;10.02;10.68;9.8;10.4;10.4;24400;11.13;-6.53;34.67;ESTAVEL;2022-10-31 14:00:00;stocks;11.13;-6.53;11.13;-6.53
1667228400000;CEBR6.SA;10.45;10.67;10.45;10.64;10.64;2600;11.12;-4.33;43.6;ESTAVEL;2022-10-31 15:00:00;stocks;11.12;-4.33;11.12;-4.33
1667232000000;CEBR6.SA;10.64;10.64;10.64;10.64;10.64;200;11.12;-4.29;43.6;ESTAVEL;2022-10-31 16:00:00;stocks;11.12;-4.29;11.12;-4.29
1667239200000;CEBR6.SA;10.64;10.67;10.64;10.67;10.67;2200;11.11;-3.98;44.69;ESTAVEL;2022-10-31 18:00:00;stocks;11.11;-3.98;11.11;-3.98
1667242800000;CEBR6.SA;10.67;10.67;10.65;10.65;10.65;900;11.11;-4.12;44.08;ESTAVEL;2022-10-31 19:00:00;stocks;11.11;-4.12;11.11;-4.12
1667311200000;CEBR6.SA;10.46;10.55;10.46;10.51;10.51;700;11.1;-5.33;39.94;ESTAVEL;2022-11-01 14:00:00;stocks;11.1;-5.33;11.1;-5.33
1667318400000;CEBR6.SA;10.63;10.63;10.63;10.63;10.63;100;11.1;-4.21;44.73;ESTAVEL;2022-11-01 16:00:00;stocks;11.1;-4.21;11.1;-4.21
1667322000000;CEBR6.SA;10.56;10.56;10.56;10.56;10.56;200;11.09;-4.79;42.59;ESTAVEL;2022-11-01 17:00:00;stocks;11.09;-4.79;11.09;-4.79
1667325600000;CEBR6.SA;10.58;10.61;10.58;10.59;10.59;3700;11.09;-4.48;43.83;ESTAVEL;2022-11-01 18:00:00;stocks;11.09;-4.48;11.09;-4.48
1667329200000;CEBR6.SA;10.62;10.74;10.62;10.74;10.74;2700;11.08;-3.09;49.67;ESTAVEL;2022-11-01 19:00:00;stocks;11.08;-3.09;11.08;-3.09
1667480400000;CEBR6.SA;10.87;10.87;10.87;10.87;10.87;0;11.08;-1.9;54.12;ESTAVEL;2022-11-03 13:00:00;stocks;11.08;-1.9;11.08;-1.9
1667484000000;CEBR6.SA;10.86;10.86;10.86;10.86;10.86;400;11.08;-1.97;53.73;ESTAVEL;2022-11-03 14:00:00;stocks;11.08;-1.97;11.08;-1.97
1667487600000;CEBR6.SA;10.94;10.94;10.84;10.86;10.86;500;11.08;-1.95;53.73;ESTAVEL;2022-11-03 15:00:00;stocks;11.08;-1.95;11.08;-1.95
1667491200000;CEBR6.SA;10.8;10.8;10.72;10.72;10.72;200;11.07;-3.19;48.05;ESTAVEL;2022-11-03 16:00:00;stocks;11.07;-3.19;11.07;-3.19
1667494800000;CEBR6.SA;10.85;10.85;10.85;10.85;10.85;100;11.07;-1.99;53.02;ESTAVEL;2022-11-03 17:00:00;stocks;11.07;-1.99;11.07;-1.99
1667498400000;CEBR6.SA;10.81;10.85;10.81;10.85;10.85;1000;11.07;-1.97;53.02;ESTAVEL;2022-11-03 18:00:00;stocks;11.07;-1.97;11.07;-1.97
1667502000000;CEBR6.SA;10.77;10.77;10.72;10.77;10.77;700;11.07;-2.67;49.63;ESTAVEL;2022-11-03 19:00:00;stocks;11.07;-2.67;11.07;-2.67
1667566800000;CEBR6.SA;10.77;10.77;10.77;10.77;10.77;100;11.06;-2.65;49.63;ESTAVEL;2022-11-04 13:00:00;stocks;11.06;-2.64;11.06;-2.64
1667570400000;CEBR6.SA;10.68;10.9;10.68;10.9;10.9;400;11.06;-1.46;55.04;ESTAVEL;2022-11-04 14:00:00;stocks;11.06;-1.46;11.06;-1.46
1667574000000;CEBR6.SA;10.66;10.73;10.65;10.73;10.73;3100;11.06;-2.96;47.81;ESTAVEL;2022-11-04 15:00:00;stocks;11.06;-2.96;11.06;-2.96
1667577600000;CEBR6.SA;10.73;10.73;10.73;10.73;10.73;900;11.05;-2.94;47.81;ESTAVEL;2022-11-04 16:00:00;stocks;11.05;-2.93;11.05;-2.93
1667581200000;CEBR6.SA;10.7;10.7;10.46;10.46;10.46;4200;11.05;-5.33;38.5;ESTAVEL;2022-11-04 17:00:00;stocks;11.05;-5.33;11.05;-5.33
1667584800000;CEBR6.SA;10.58;11.0;10.49;11.0;11.0;9000;11.05;-0.43;56.68;ESTAVEL;2022-11-04 18:00:00;stocks;11.05;-0.43;11.05;-0.43
1667588400000;CEBR6.SA;10.85;11.0;10.85;10.9;10.9;700;11.05;-1.33;53.52;ESTAVEL;2022-11-04 19:00:00;stocks;11.05;-1.33;11.05;-1.33
1667826000000;CEBR6.SA;10.61;10.98;10.61;10.98;10.98;100;11.05;-0.6;55.65;ESTAVEL;2022-11-07 13:00:00;stocks;11.05;-0.6;11.05;-0.6
1667829600000;CEBR6.SA;10.88;10.9;10.85;10.85;10.85;4100;11.04;-1.76;51.52;ESTAVEL;2022-11-07 14:00:00;stocks;11.04;-1.76;11.04;-1.76
1667833200000;CEBR6.SA;10.85;10.85;10.85;10.85;10.85;200;11.04;-1.74;51.52;ESTAVEL;2022-11-07 15:00:00;stocks;11.04;-1.74;11.04;-1.74
1667836800000;CEBR6.SA;10.86;10.86;10.86;10.86;10.86;100;11.04;-1.63;51.84;ESTAVEL;2022-11-07 16:00:00;stocks;11.04;-1.63;11.04;-1.63
1667840400000;CEBR6.SA;10.82;10.82;10.77;10.8;10.8;900;11.04;-2.15;49.73;ESTAVEL;2022-11-07 17:00:00;stocks;11.04;-2.15;11.04;-2.15
1667844000000;CEBR6.SA;10.77;10.77;10.77;10.77;10.77;100;11.04;-2.4;48.66;ESTAVEL;2022-11-07 18:00:00;stocks;11.04;-2.4;11.04;-2.4
1667847600000;CEBR6.SA;10.77;10.77;10.7;10.75;10.75;3900;11.03;-2.56;47.92;ESTAVEL;2022-11-07 19:00:00;stocks;11.03;-2.56;11.03;-2.56
1667912400000;CEBR6.SA;10.67;10.67;10.66;10.66;10.66;0;11.03;-3.34;44.64;ESTAVEL;2022-11-08 13:00:00;stocks;11.03;-3.34;11.03;-3.34
1667916000000;CEBR6.SA;10.9;10.9;10.68;10.68;10.68;200;11.03;-3.13;45.53;ESTAVEL;2022-11-08 14:00:00;stocks;11.03;-3.13;11.03;-3.13
1667923200000;CEBR6.SA;10.71;10.84;10.7;10.84;10.84;1200;11.02;-1.66;52.18;ESTAVEL;2022-11-08 16:00:00;stocks;11.02;-1.66;11.02;-1.66
1667926800000;CEBR6.SA;10.84;10.84;10.68;10.68;10.68;1200;11.02;-3.08;46.12;ESTAVEL;2022-11-08 17:00:00;stocks;11.02;-3.08;11.02;-3.08
1667934000000;CEBR6.SA;10.64;10.7;10.62;10.62;10.62;400;11.02;-3.59;44.05;ESTAVEL;2022-11-08 19:00:00;stocks;11.02;-3.59;11.02;-3.59
1667998800000;CEBR6.SA;10.52;11.0;10.52;10.8;10.8;2700;11.01;-1.94;51.13;ESTAVEL;2022-11-09 13:00:00;stocks;11.01;-1.94;11.01;-1.94
1668002400000;CEBR6.SA;10.8;10.8;10.75;10.8;10.8;5100;11.01;-1.92;51.13;ESTAVEL;2022-11-09 14:00:00;stocks;11.01;-1.92;11.01;-1.92
1668006000000;CEBR6.SA;10.79;10.8;10.7;10.7;10.7;3500;11.01;-2.8;47.28;ESTAVEL;2022-11-09 15:00:00;stocks;11.01;-2.8;11.01;-2.8
1668013200000;CEBR6.SA;10.7;10.7;10.7;10.7;10.7;100;11.01;-2.78;47.28;ESTAVEL;2022-11-09 17:00:00;stocks;11.01;-2.78;11.01;-2.78
1668016800000;CEBR6.SA;10.6;10.6;10.6;10.6;10.6;1000;11.0;-3.65;43.48;ESTAVEL;2022-11-09 18:00:00;stocks;11.0;-3.65;11.0;-3.65
1668020400000;CEBR6.SA;10.59;10.67;10.58;10.58;10.58;500;11.0;-3.79;42.74;ESTAVEL;2022-11-09 19:00:00;stocks;11.0;-3.79;11.0;-3.79
1668085200000;CEBR6.SA;10.51;10.51;10.46;10.5;10.5;200;10.99;-4.48;39.82;ESTAVEL;2022-11-10 13:00:00;stocks;10.99;-4.48;10.99;-4.48
1668088800000;CEBR6.SA;10.5;10.83;10.5;10.51;10.51;1200;10.99;-4.35;40.37;ESTAVEL;2022-11-10 14:00:00;stocks;10.99;-4.35;10.99;-4.35
1668096000000;CEBR6.SA;10.53;10.53;10.37;10.37;10.37;5800;10.98;-5.57;35.49;ESTAVEL;2022-11-10 16:00:00;stocks;10.98;-5.57;10.98;-5.57
1668099600000;CEBR6.SA;10.36;10.64;10.25;10.64;10.64;3400;10.98;-3.08;48.43;ESTAVEL;2022-11-10 17:00:00;stocks;10.98;-3.08;10.98;-3.08
1668103200000;CEBR6.SA;10.26;10.55;10.26;10.54;10.54;500;10.97;-3.95;44.84;ESTAVEL;2022-11-10 18:00:00;stocks;10.97;-3.95;10.97;-3.95
1668106800000;CEBR6.SA;10.54;10.58;10.54;10.58;10.58;600;10.97;-3.55;46.55;ESTAVEL;2022-11-10 19:00:00;stocks;10.97;-3.55;10.97;-3.55
1668171600000;CEBR6.SA;10.32;10.79;10.32;10.79;10.79;200;10.97;-1.62;54.5;ESTAVEL;2022-11-11 13:00:00;stocks;10.97;-1.62;10.97;-1.62
1668175200000;CEBR6.SA;10.34;10.39;10.3;10.38;10.38;2500;10.96;-5.31;41.51;ESTAVEL;2022-11-11 14:00:00;stocks;10.96;-5.31;10.96;-5.31
1668178800000;CEBR6.SA;10.39;10.42;10.39;10.42;10.42;300;10.96;-4.9;42.94;ESTAVEL;2022-11-11 15:00:00;stocks;10.96;-4.9;10.96;-4.9
1668182400000;CEBR6.SA;10.59;10.59;10.59;10.59;10.59;300;10.95;-3.31;48.68;ESTAVEL;2022-11-11 16:00:00;stocks;10.95;-3.31;10.95;-3.31
1668186000000;CEBR6.SA;10.59;10.7;10.45;10.45;10.45;2200;10.95;-4.55;44.69;ESTAVEL;2022-11-11 17:00:00;stocks;10.95;-4.55;10.95;-4.55
1668189600000;CEBR6.SA;10.46;10.46;10.3;10.41;10.41;12500;10.94;-4.87;43.59;ESTAVEL;2022-11-11 18:00:00;stocks;10.94;-4.87;10.94;-4.87
1668193200000;CEBR6.SA;10.53;10.53;10.5;10.5;10.5;500;10.94;-4.01;46.76;ESTAVEL;2022-11-11 19:00:00;stocks;10.94;-4.01;10.94;-4.01
1668430800000;CEBR6.SA;10.4;10.52;10.4;10.52;10.52;800;10.93;-3.79;47.47;ESTAVEL;2022-11-14 13:00:00;stocks;10.93;-3.79;10.93;-3.79
1668434400000;CEBR6.SA;10.52;10.52;10.52;10.52;10.52;2000;10.93;-3.75;47.47;ESTAVEL;2022-11-14 14:00:00;stocks;10.93;-3.75;10.93;-3.75
1668438000000;CEBR6.SA;10.65;10.65;10.6;10.6;10.6;700;10.93;-2.99;50.52;ESTAVEL;2022-11-14 15:00:00;stocks;10.93;-2.99;10.93;-2.99
1668445200000;CEBR6.SA;10.41;10.6;10.41;10.6;10.6;600;10.92;-2.96;50.52;ESTAVEL;2022-11-14 17:00:00;stocks;10.92;-2.96;10.92;-2.96
1668448800000;CEBR6.SA;10.46;10.59;10.46;10.5;10.5;400;10.92;-3.84;46.6;ESTAVEL;2022-11-14 18:00:00;stocks;10.92;-3.84;10.92;-3.84
1668452400000;CEBR6.SA;10.51;10.51;10.4;10.4;10.4;6900;10.91;-4.71;43.01;ESTAVEL;2022-11-14 19:00:00;stocks;10.91;-4.71;10.91;-4.71
1668603600000;CEBR6.SA;10.35;10.35;10.3;10.35;10.35;2200;10.91;-5.12;41.29;ESTAVEL;2022-11-16 13:00:00;stocks;10.91;-5.12;10.91;-5.12
1668607200000;CEBR6.SA;10.29;10.3;10.2;10.3;10.3;2300;10.9;-5.53;39.59;ESTAVEL;2022-11-16 14:00:00;stocks;10.9;-5.53;10.9;-5.53
1668610800000;CEBR6.SA;10.3;10.3;10.3;10.3;10.3;200;10.9;-5.47;39.59;ESTAVEL;2022-11-16 15:00:00;stocks;10.9;-5.47;10.9;-5.47
1668614400000;CEBR6.SA;10.3;10.35;10.3;10.35;10.35;1100;10.89;-4.97;42.35;ESTAVEL;2022-11-16 16:00:00;stocks;10.89;-4.97;10.89;-4.97
1668618000000;CEBR6.SA;10.26;10.35;10.26;10.35;10.35;300;10.89;-4.92;42.35;ESTAVEL;2022-11-16 17:00:00;stocks;10.89;-4.92;10.89;-4.92
1668621600000;CEBR6.SA;10.32;10.49;10.26;10.49;10.49;3400;10.88;-3.6;49.77;ESTAVEL;2022-11-16 18:00:00;stocks;10.88;-3.6;10.88;-3.6
1668625200000;CEBR6.SA;10.47;10.47;10.44;10.44;10.44;300;10.88;-4.02;47.42;ESTAVEL;2022-11-16 19:00:00;stocks;10.88;-4.02;10.88;-4.02
1668690000000;CEBR6.SA;10.27;10.39;10.27;10.39;10.39;1100;10.87;-4.44;45.13;ESTAVEL;2022-11-17 13:00:00;stocks;10.87;-4.44;10.87;-4.44
1668693600000;CEBR6.SA;10.39;10.39;10.28;10.28;10.28;700;10.87;-5.4;40.49;ESTAVEL;2022-11-17 14:00:00;stocks;10.87;-5.4;10.87;-5.4
1668697200000;CEBR6.SA;10.27;10.35;10.27;10.34;10.34;900;10.86;-4.8;43.88;ESTAVEL;2022-11-17 15:00:00;stocks;10.86;-4.8;10.86;-4.8
1668700800000;CEBR6.SA;10.27;10.27;10.27;10.27;10.27;100;10.86;-5.39;40.95;ESTAVEL;2022-11-17 16:00:00;stocks;10.86;-5.39;10.86;-5.39
1668704400000;CEBR6.SA;10.27;10.27;10.18;10.24;10.24;1400;10.85;-5.62;39.72;ESTAVEL;2022-11-17 17:00:00;stocks;10.85;-5.62;10.85;-5.62
1668708000000;CEBR6.SA;10.17;10.35;10.17;10.26;10.26;1500;10.84;-5.38;40.99;ESTAVEL;2022-11-17 18:00:00;stocks;10.84;-5.38;10.84;-5.38
1668711600000;CEBR6.SA;10.26;10.26;10.26;10.26;10.26;400;10.84;-5.33;40.99;ESTAVEL;2022-11-17 19:00:00;stocks;10.84;-5.33;10.84;-5.33
1668776400000;CEBR6.SA;10.34;10.35;10.26;10.26;10.26;2500;10.83;-5.28;40.99;ESTAVEL;2022-11-18 13:00:00;stocks;10.83;-5.28;10.83;-5.28
1668780000000;CEBR6.SA;10.26;10.26;10.26;10.26;10.26;100;10.83;-5.23;40.99;ESTAVEL;2022-11-18 14:00:00;stocks;10.83;-5.23;10.83;-5.23
1668787200000;CEBR6.SA;10.27;10.35;10.26;10.35;10.35;600;10.82;-4.36;47.65;ESTAVEL;2022-11-18 16:00:00;stocks;10.82;-4.36;10.82;-4.36
1668790800000;CEBR6.SA;10.26;10.33;10.26;10.33;10.33;200;10.82;-4.5;46.4;ESTAVEL;2022-11-18 17:00:00;stocks;10.82;-4.5;10.82;-4.5
1668798000000;CEBR6.SA;10.27;10.27;10.27;10.27;10.27;300;10.81;-5.0;42.76;ESTAVEL;2022-11-18 19:00:00;stocks;10.81;-5.0;10.81;-5.0
1669035600000;CEBR6.SA;10.35;10.35;10.3;10.3;10.3;2200;10.81;-4.68;45.08;ESTAVEL;2022-11-21 13:00:00;stocks;10.81;-4.68;10.81;-4.68
1669039200000;CEBR6.SA;10.32;10.32;10.31;10.31;10.31;200;10.8;-4.55;45.87;ESTAVEL;2022-11-21 14:00:00;stocks;10.8;-4.55;10.8;-4.55
1669042800000;CEBR6.SA;10.31;10.31;10.25;10.3;10.3;2700;10.8;-4.59;45.17;ESTAVEL;2022-11-21 15:00:00;stocks;10.8;-4.59;10.8;-4.59
1669046400000;CEBR6.SA;10.29;10.3;10.29;10.3;10.3;200;10.79;-4.55;45.17;ESTAVEL;2022-11-21 16:00:00;stocks;10.79;-4.55;10.79;-4.55
1669050000000;CEBR6.SA;10.3;10.3;10.04;10.04;10.04;9000;10.78;-6.9;30.98;ESTAVEL;2022-11-21 17:00:00;stocks;10.78;-6.9;10.78;-6.9
1669053600000;CEBR6.SA;10.05;10.1;10.03;10.1;10.1;1100;10.78;-6.28;35.98;ESTAVEL;2022-11-21 18:00:00;stocks;10.78;-6.28;10.78;-6.28
1669057200000;CEBR6.SA;10.15;10.15;10.1;10.1;10.1;2400;10.77;-6.22;35.98;ESTAVEL;2022-11-21 19:00:00;stocks;10.77;-6.22;10.77;-6.22
1669122000000;CEBR6.SA;10.14;10.14;10.14;10.14;10.14;0;10.76;-5.8;39.37;ESTAVEL;2022-11-22 13:00:00;stocks;10.76;-5.8;10.76;-5.8
1669125600000;CEBR6.SA;10.15;10.15;10.15;10.15;10.15;5900;10.76;-5.65;40.23;ESTAVEL;2022-11-22 14:00:00;stocks;10.76;-5.65;10.76;-5.65
1669129200000;CEBR6.SA;10.16;10.16;10.16;10.16;10.16;700;10.75;-5.5;41.12;ESTAVEL;2022-11-22 15:00:00;stocks;10.75;-5.5;10.75;-5.5
1669132800000;CEBR6.SA;10.16;10.16;10.16;10.16;10.16;400;10.75;-5.45;41.12;ESTAVEL;2022-11-22 16:00:00;stocks;10.75;-5.45;10.75;-5.45
1669136400000;CEBR6.SA;10.16;10.16;10.14;10.15;10.15;4700;10.74;-5.49;40.42;ESTAVEL;2022-11-22 17:00:00;stocks;10.74;-5.49;10.74;-5.49
1669143600000;CEBR6.SA;10.16;10.16;10.04;10.16;10.16;1000;10.73;-5.35;41.49;ESTAVEL;2022-11-22 19:00:00;stocks;10.73;-5.35;10.73;-5.35
1669208400000;CEBR6.SA;10.25;10.35;10.25;10.35;10.35;0;10.73;-3.54;57.24;ESTAVEL;2022-11-23 13:00:00;stocks;10.73;-3.54;10.73;-3.54
1669215600000;CEBR6.SA;10.25;10.29;10.21;10.21;10.21;6100;10.73;-4.8;47.17;ESTAVEL;2022-11-23 15:00:00;stocks;10.73;-4.8;10.73;-4.8
1669219200000;CEBR6.SA;10.32;10.32;10.32;10.32;10.32;200;10.72;-3.74;54.01;ESTAVEL;2022-11-23 16:00:00;stocks;10.72;-3.74;10.72;-3.74
1669222800000;CEBR6.SA;10.32;10.32;10.32;10.32;10.32;300;10.72;-3.71;54.01;ESTAVEL;2022-11-23 17:00:00;stocks;10.72;-3.71;10.72;-3.71
1669226400000;CEBR6.SA;10.26;10.32;10.26;10.32;10.32;400;10.71;-3.67;54.01;ESTAVEL;2022-11-23 18:00:00;stocks;10.71;-3.67;10.71;-3.67
1669230000000;CEBR6.SA;10.26;10.26;10.23;10.23;10.23;3000;10.71;-4.47;47.7;ESTAVEL;2022-11-23 19:00:00;stocks;10.71;-4.47;10.71;-4.47
1669294800000;CEBR6.SA;10.34;10.34;10.34;10.34;10.34;0;10.7;-3.41;54.67;ESTAVEL;2022-11-24 13:00:00;stocks;10.7;-3.41;10.7;-3.41
1669298400000;CEBR6.SA;10.34;10.34;10.22;10.3;10.3;1100;10.7;-3.74;51.96;ESTAVEL;2022-11-24 14:00:00;stocks;10.7;-3.74;10.7;-3.74
1669305600000;CEBR6.SA;10.35;10.35;10.32;10.35;10.35;1400;10.7;-3.25;54.97;ESTAVEL;2022-11-24 16:00:00;stocks;10.7;-3.25;10.7;-3.25
1669309200000;CEBR6.SA;10.35;10.35;10.35;10.35;10.35;100;10.69;-3.21;54.97;ESTAVEL;2022-11-24 17:00:00;stocks;10.69;-3.21;10.69;-3.21
1669312800000;CEBR6.SA;10.34;10.35;10.34;10.35;10.35;800;10.69;-3.18;54.97;ESTAVEL;2022-11-24 18:00:00;stocks;10.69;-3.18;10.69;-3.18
1669316400000;CEBR6.SA;10.35;10.35;10.35;10.35;10.35;3000;10.69;-3.15;54.97;ESTAVEL;2022-11-24 19:00:00;stocks;10.69;-3.15;10.69;-3.15
1669381200000;CEBR6.SA;10.34;10.34;10.34;10.34;10.34;0;10.68;-3.22;54.06;ESTAVEL;2022-11-25 13:00:00;stocks;10.68;-3.22;10.68;-3.22
1669384800000;CEBR6.SA;10.15;10.34;10.15;10.17;10.17;400;10.68;-4.76;41.47;ESTAVEL;2022-11-25 14:00:00;stocks;10.68;-4.76;10.68;-4.76
1669392000000;CEBR6.SA;10.24;10.32;10.15;10.32;10.32;4000;10.67;-3.32;52.08;ESTAVEL;2022-11-25 16:00:00;stocks;10.67;-3.32;10.67;-3.32
1669395600000;CEBR6.SA;10.32;10.32;10.18;10.18;10.18;300;10.67;-4.59;44.05;ESTAVEL;2022-11-25 17:00:00;stocks;10.67;-4.59;10.67;-4.59
1669399200000;CEBR6.SA;10.18;10.18;10.18;10.18;10.18;2300;10.67;-4.55;44.05;ESTAVEL;2022-11-25 18:00:00;stocks;10.67;-4.55;10.67;-4.55
1669402800000;CEBR6.SA;10.18;10.18;10.18;10.18;10.18;600;10.66;-4.5;44.05;ESTAVEL;2022-11-25 19:00:00;stocks;10.66;-4.5;10.66;-4.5
1669640400000;CEBR6.SA;10.15;10.15;10.15;10.15;10.15;0;10.66;-4.74;42.31;ESTAVEL;2022-11-28 13:00:00;stocks;10.66;-4.74;10.66;-4.74
1669647600000;CEBR6.SA;10.35;10.35;10.35;10.35;10.35;200;10.65;-2.84;55.08;ESTAVEL;2022-11-28 15:00:00;stocks;10.65;-2.84;10.65;-2.84
1669651200000;CEBR6.SA;10.25;10.25;10.22;10.22;10.22;600;10.65;-4.02;47.69;ESTAVEL;2022-11-28 16:00:00;stocks;10.65;-4.02;10.65;-4.02
1669654800000;CEBR6.SA;10.22;10.45;10.2;10.45;10.45;10400;10.65;-1.84;58.34;ESTAVEL;2022-11-28 17:00:00;stocks;10.65;-1.84;10.65;-1.84
1669658400000;CEBR6.SA;10.47;10.59;10.47;10.59;10.59;2900;10.65;-0.52;63.24;ESTAVEL;2022-11-28 18:00:00;stocks;10.65;-0.52;10.65;-0.52
1669662000000;CEBR6.SA;10.52;10.53;10.51;10.51;10.51;10100;10.64;-1.26;58.97;ESTAVEL;2022-11-28 19:00:00;stocks;10.64;-1.26;10.64;-1.26
1669734000000;CEBR6.SA;10.42;10.42;10.42;10.42;10.42;100;10.64;-2.08;54.51;ESTAVEL;2022-11-29 15:00:00;stocks;10.64;-2.08;10.64;-2.08
1669741200000;CEBR6.SA;10.55;10.55;10.55;10.55;10.55;500;10.64;-0.85;59.3;ESTAVEL;2022-11-29 17:00:00;stocks;10.64;-0.85;10.64;-0.85
1669748400000;CEBR6.SA;10.54;10.65;10.54;10.65;10.65;1500;10.64;0.09;62.56;ESTAVEL;2022-11-29 19:00:00;stocks;10.64;0.09;10.64;0.09
1669813200000;CEBR6.SA;10.6;10.6;10.6;10.6;10.6;100;10.64;-0.38;59.97;ESTAVEL;2022-11-30 13:00:00;stocks;10.64;-0.38;10.64;-0.38
1669816800000;CEBR6.SA;10.61;10.8;10.6;10.8;10.8;3000;10.64;1.48;66.03;ESTAVEL;2022-11-30 14:00:00;stocks;10.64;1.48;10.64;1.48
1669820400000;CEBR6.SA;10.61;10.79;10.6;10.77;10.77;2500;10.64;1.19;64.46;ESTAVEL;2022-11-30 15:00:00;stocks;10.64;1.19;10.64;1.19
1669827600000;CEBR6.SA;10.77;10.77;10.77;10.77;10.77;100;10.64;1.18;64.46;ESTAVEL;2022-11-30 17:00:00;stocks;10.64;1.18;10.64;1.18
1669834800000;CEBR6.SA;10.69;10.69;10.4;10.6;10.6;1200;10.64;-0.41;55.72;ESTAVEL;2022-11-30 19:00:00;stocks;10.64;-0.41;10.64;-0.41
1669899600000;CEBR6.SA;10.44;10.44;10.43;10.44;10.44;300;10.64;-1.9;48.98;ESTAVEL;2022-12-01 13:00:00;stocks;10.64;-1.9;10.64;-1.9
1669903200000;CEBR6.SA;10.4;10.56;10.3;10.42;10.42;2400;10.64;-2.07;48.2;ESTAVEL;2022-12-01 14:00:00;stocks;10.64;-2.07;10.64;-2.07
1669906800000;CEBR6.SA;10.26;10.3;10.25;10.3;10.3;600;10.64;-3.16;43.68;ESTAVEL;2022-12-01 15:00:00;stocks;10.64;-3.16;10.64;-3.16
1669910400000;CEBR6.SA;10.31;10.31;10.3;10.3;10.3;1200;10.63;-3.13;43.68;ESTAVEL;2022-12-01 16:00:00;stocks;10.63;-3.13;10.63;-3.13
1669914000000;CEBR6.SA;10.4;10.4;10.39;10.39;10.39;200;10.63;-2.26;47.93;ESTAVEL;2022-12-01 17:00:00;stocks;10.63;-2.26;10.63;-2.26
1669917600000;CEBR6.SA;10.41;10.41;10.35;10.35;10.35;300;10.63;-2.62;46.26;ESTAVEL;2022-12-01 18:00:00;stocks;10.63;-2.62;10.63;-2.62
1669921200000;CEBR6.SA;10.35;10.35;10.35;10.35;10.35;400;10.63;-2.59;46.26;ESTAVEL;2022-12-01 19:00:00;stocks;10.63;-2.59;10.63;-2.59
1669986000000;CEBR6.SA;10.21;10.25;10.2;10.2;10.2;2200;10.62;-3.96;40.17;ESTAVEL;2022-12-02 13:00:00;stocks;10.62;-3.96;10.62;-3.96
1669989600000;CEBR6.SA;10.21;10.25;10.16;10.25;10.25;1600;10.62;-3.46;42.87;ESTAVEL;2022-12-02 14:00:00;stocks;10.62;-3.46;10.62;-3.46
1669993200000;CEBR6.SA;10.25;10.25;10.09;10.09;10.09;3400;10.61;-4.92;37.11;ESTAVEL;2022-12-02 15:00:00;stocks;10.61;-4.92;10.61;-4.92
1669996800000;CEBR6.SA;10.13;10.23;10.11;10.23;10.23;700;10.61;-3.57;44.18;ESTAVEL;2022-12-02 16:00:00;stocks;10.61;-3.57;10.61;-3.57
1670000400000;CEBR6.SA;10.22;10.22;10.2;10.2;10.2;1600;10.6;-3.81;43.06;ESTAVEL;2022-12-02 17:00:00;stocks;10.6;-3.81;10.6;-3.81
1670004000000;CEBR6.SA;10.2;10.23;10.2;10.2;10.2;1000;10.6;-3.78;43.06;ESTAVEL;2022-12-02 18:00:00;stocks;10.6;-3.77;10.6;-3.77
1670007600000;CEBR6.SA;10.23;10.25;10.23;10.25;10.25;1100;10.6;-3.27;45.72;ESTAVEL;2022-12-02 19:00:00;stocks;10.6;-3.27;10.6;-3.27
1670248800000;CEBR6.SA;10.25;10.41;10.25;10.25;10.25;900;10.59;-3.24;45.72;ESTAVEL;2022-12-05 14:00:00;stocks;10.59;-3.24;10.59;-3.24
1670252400000;CEBR6.SA;10.24;10.24;10.24;10.24;10.24;1100;10.59;-3.3;45.23;ESTAVEL;2022-12-05 15:00:00;stocks;10.59;-3.3;10.59;-3.3
1670256000000;CEBR6.SA;10.24;10.24;10.24;10.24;10.24;500;10.59;-3.27;45.23;ESTAVEL;2022-12-05 16:00:00;stocks;10.59;-3.27;10.59;-3.27
1670259600000;CEBR6.SA;10.19;10.24;9.99;10.24;10.24;16400;10.58;-3.24;45.23;ESTAVEL;2022-12-05 17:00:00;stocks;10.58;-3.24;10.58;-3.24
1670263200000;CEBR6.SA;10.02;10.02;10.0;10.0;10.0;4300;10.58;-5.46;34.25;ESTAVEL;2022-12-05 18:00:00;stocks;10.58;-5.46;10.58;-5.46
1670266800000;CEBR6.SA;10.2;10.2;10.0;10.19;10.19;3000;10.57;-3.62;45.52;ESTAVEL;2022-12-05 19:00:00;stocks;10.57;-3.62;10.57;-3.62
1670331600000;CEBR6.SA;10.03;10.08;10.0;10.0;10.0;3400;10.57;-5.37;38.43;ESTAVEL;2022-12-06 13:00:00;stocks;10.57;-5.37;10.57;-5.37
1670335200000;CEBR6.SA;9.95;9.95;9.92;9.95;9.95;1500;10.56;-5.79;36.8;ESTAVEL;2022-12-06 14:00:00;stocks;10.56;-5.79;10.56;-5.79
1670338800000;CEBR6.SA;10.05;10.07;10.05;10.07;10.07;300;10.56;-4.61;43.03;ESTAVEL;2022-12-06 15:00:00;stocks;10.56;-4.61;10.56;-4.61
1670342400000;CEBR6.SA;9.99;10.0;9.99;10.0;10.0;1200;10.55;-5.22;40.52;ESTAVEL;2022-12-06 16:00:00;stocks;10.55;-5.22;10.55;-5.22
1670346000000;CEBR6.SA;10.0;10.08;9.98;10.0;10.0;2900;10.55;-5.17;40.52;ESTAVEL;2022-12-06 17:00:00;stocks;10.55;-5.17;10.55;-5.17
1670353200000;CEBR6.SA;10.0;10.0;10.0;10.0;10.0;100;10.54;-5.12;40.52;ESTAVEL;2022-12-06 19:00:00;stocks;10.54;-5.12;10.54;-5.12
1670421600000;CEBR6.SA;10.0;10.0;9.99;10.0;10.0;1200;10.53;-5.07;40.52;ESTAVEL;2022-12-07 14:00:00;stocks;10.53;-5.07;10.53;-5.07
1670428800000;CEBR6.SA;10.0;10.0;9.99;9.99;9.99;700;10.53;-5.12;40.07;ESTAVEL;2022-12-07 16:00:00;stocks;10.53;-5.12;10.53;-5.12
1670436000000;CEBR6.SA;10.04;10.04;10.04;10.04;10.04;200;10.52;-4.6;43.45;ESTAVEL;2022-12-07 18:00:00;stocks;10.52;-4.6;10.52;-4.6
1670439600000;CEBR6.SA;10.04;10.04;10.0;10.0;10.0;300;10.52;-4.93;41.44;ESTAVEL;2022-12-07 19:00:00;stocks;10.52;-4.93;10.52;-4.93
1670504400000;CEBR6.SA;10.04;10.04;10.04;10.04;10.04;0;10.51;-4.51;44.22;ESTAVEL;2022-12-08 13:00:00;stocks;10.51;-4.51;10.51;-4.51
1670508000000;CEBR6.SA;10.04;10.06;10.04;10.06;10.06;300;10.51;-4.28;45.61;ESTAVEL;2022-12-08 14:00:00;stocks;10.51;-4.28;10.51;-4.28
1670511600000;CEBR6.SA;10.06;10.06;9.91;9.91;9.91;3800;10.5;-5.65;37.96;ESTAVEL;2022-12-08 15:00:00;stocks;10.5;-5.65;10.5;-5.65
1670515200000;CEBR6.SA;9.95;9.95;9.95;9.95;9.95;1000;10.5;-5.22;40.81;ESTAVEL;2022-12-08 16:00:00;stocks;10.5;-5.22;10.5;-5.22
1670518800000;CEBR6.SA;9.97;9.97;9.97;9.97;9.97;100;10.49;-4.98;42.24;ESTAVEL;2022-12-08 17:00:00;stocks;10.49;-4.98;10.49;-4.98
1670522400000;CEBR6.SA;9.95;9.95;9.94;9.94;9.94;700;10.49;-5.22;40.66;ESTAVEL;2022-12-08 18:00:00;stocks;10.49;-5.22;10.49;-5.22
1670526000000;CEBR6.SA;9.94;9.94;9.89;9.9;9.9;6100;10.48;-5.55;38.58;ESTAVEL;2022-12-08 19:00:00;stocks;10.48;-5.55;10.48;-5.55
1670590800000;CEBR6.SA;9.94;9.94;9.94;9.94;9.94;0;10.48;-5.12;41.78;ESTAVEL;2022-12-09 13:00:00;stocks;10.48;-5.12;10.48;-5.12
1670594400000;CEBR6.SA;9.9;9.9;9.8;9.8;9.8;8600;10.47;-6.4;34.92;ESTAVEL;2022-12-09 14:00:00;stocks;10.47;-6.4;10.47;-6.4
1670598000000;CEBR6.SA;9.82;9.82;9.8;9.8;9.8;11900;10.46;-6.34;34.92;ESTAVEL;2022-12-09 15:00:00;stocks;10.46;-6.34;10.46;-6.34
1670601600000;CEBR6.SA;9.79;9.85;9.76;9.85;9.85;2600;10.46;-5.8;39.06;ESTAVEL;2022-12-09 16:00:00;stocks;10.46;-5.8;10.46;-5.8
1670605200000;CEBR6.SA;9.85;9.85;9.8;9.8;9.8;1700;10.45;-6.22;36.56;ESTAVEL;2022-12-09 17:00:00;stocks;10.45;-6.22;10.45;-6.22
1670608800000;CEBR6.SA;9.77;9.78;9.76;9.76;9.76;2800;10.44;-6.54;34.64;ESTAVEL;2022-12-09 18:00:00;stocks;10.44;-6.54;10.44;-6.54
1670612400000;CEBR6.SA;9.78;9.85;9.72;9.85;9.85;5400;10.44;-5.63;42.01;ESTAVEL;2022-12-09 19:00:00;stocks;10.44;-5.63;10.44;-5.63
1670850000000;CEBR6.SA;9.99;10.05;9.75;9.75;9.75;3000;10.43;-6.53;37.01;ESTAVEL;2022-12-12 13:00:00;stocks;10.43;-6.53;10.43;-6.53
1670853600000;CEBR6.SA;9.75;9.75;9.75;9.75;9.75;1600;10.42;-6.46;37.01;ESTAVEL;2022-12-12 14:00:00;stocks;10.42;-6.46;10.42;-6.46
1670857200000;CEBR6.SA;9.76;9.96;9.76;9.96;9.96;1000;10.42;-4.41;51.15;ESTAVEL;2022-12-12 15:00:00;stocks;10.42;-4.41;10.42;-4.41
1670860800000;CEBR6.SA;9.89;9.9;9.89;9.9;9.9;300;10.41;-4.94;47.85;ESTAVEL;2022-12-12 16:00:00;stocks;10.41;-4.94;10.41;-4.94
1670864400000;CEBR6.SA;9.9;9.9;9.75;9.75;9.75;1000;10.41;-6.32;40.76;ESTAVEL;2022-12-12 17:00:00;stocks;10.41;-6.32;10.41;-6.32
1670868000000;CEBR6.SA;9.75;9.75;9.75;9.75;9.75;2000;10.4;-6.26;40.76;ESTAVEL;2022-12-12 18:00:00;stocks;10.4;-6.26;10.4;-6.26
1670871600000;CEBR6.SA;9.75;9.89;9.75;9.89;9.89;500;10.4;-4.87;48.95;ESTAVEL;2022-12-12 19:00:00;stocks;10.4;-4.87;10.4;-4.87
1670936400000;CEBR6.SA;9.94;9.99;9.82;9.99;9.99;400;10.39;-3.87;53.85;ESTAVEL;2022-12-13 13:00:00;stocks;10.39;-3.87;10.39;-3.87
1670940000000;CEBR6.SA;9.97;9.97;9.97;9.97;9.97;600;10.39;-4.02;52.76;ESTAVEL;2022-12-13 14:00:00;stocks;10.39;-4.02;10.39;-4.02
1670943600000;CEBR6.SA;9.97;9.98;9.87;9.87;9.87;1400;10.38;-4.94;47.57;ESTAVEL;2022-12-13 15:00:00;stocks;10.38;-4.94;10.38;-4.94
1670950800000;CEBR6.SA;9.87;9.99;9.83;9.83;9.83;2500;10.38;-5.27;45.63;ESTAVEL;2022-12-13 17:00:00;stocks;10.38;-5.27;10.38;-5.27
1670954400000;CEBR6.SA;9.9;9.9;9.9;9.9;9.9;100;10.37;-4.55;49.5;ESTAVEL;2022-12-13 18:00:00;stocks;10.37;-4.55;10.37;-4.55
1670958000000;CEBR6.SA;9.9;9.9;9.85;9.85;9.85;200;10.37;-4.99;46.93;ESTAVEL;2022-12-13 19:00:00;stocks;10.37;-4.99;10.37;-4.99
1671022800000;CEBR6.SA;9.75;9.85;9.7;9.72;9.72;3100;10.36;-6.18;40.97;ESTAVEL;2022-12-14 13:00:00;stocks;10.36;-6.18;10.36;-6.18
1671026400000;CEBR6.SA;9.72;9.83;9.68;9.68;9.68;1100;10.35;-6.51;39.32;ESTAVEL;2022-12-14 14:00:00;stocks;10.35;-6.51;10.35;-6.51
1671030000000;CEBR6.SA;9.83;9.83;9.83;9.83;9.83;800;10.35;-5.01;47.83;ESTAVEL;2022-12-14 15:00:00;stocks;10.35;-5.01;10.35;-5.01
1671033600000;CEBR6.SA;9.83;9.83;9.82;9.82;9.82;1000;10.34;-5.06;47.35;ESTAVEL;2022-12-14 16:00:00;stocks;10.34;-5.06;10.34;-5.06
1671037200000;CEBR6.SA;9.8;9.8;9.69;9.69;9.69;1300;10.34;-6.26;41.55;ESTAVEL;2022-12-14 17:00:00;stocks;10.34;-6.26;10.34;-6.26
1671040800000;CEBR6.SA;9.83;9.83;9.69;9.82;9.82;3300;10.33;-4.95;48.36;ESTAVEL;2022-12-14 18:00:00;stocks;10.33;-4.95;10.33;-4.95
1671044400000;CEBR6.SA;9.82;9.86;9.62;9.83;9.83;12700;10.33;-4.81;48.85;ESTAVEL;2022-12-14 19:00:00;stocks;10.33;-4.81;10.33;-4.81
1671109200000;CEBR6.SA;9.83;9.9;9.81;9.81;9.81;1300;10.32;-4.96;47.87;ESTAVEL;2022-12-15 13:00:00;stocks;10.32;-4.96;10.32;-4.96
1671112800000;CEBR6.SA;9.9;9.9;9.82;9.9;9.9;1400;10.32;-4.05;52.51;ESTAVEL;2022-12-15 14:00:00;stocks;10.32;-4.05;10.32;-4.05
1671116400000;CEBR6.SA;9.9;9.9;9.9;9.9;9.9;400;10.31;-4.01;52.51;ESTAVEL;2022-12-15 15:00:00;stocks;10.31;-4.01;10.31;-4.01
1671120000000;CEBR6.SA;9.9;9.9;9.9;9.9;9.9;1600;10.31;-3.97;52.51;ESTAVEL;2022-12-15 16:00:00;stocks;10.31;-3.97;10.31;-3.97
1671123600000;CEBR6.SA;9.97;9.97;9.97;9.97;9.97;100;10.31;-3.26;56.29;ESTAVEL;2022-12-15 17:00:00;stocks;10.31;-3.26;10.31;-3.26
1671127200000;CEBR6.SA;10.0;10.0;10.0;10.0;10.0;500;10.3;-2.94;57.84;ESTAVEL;2022-12-15 18:00:00;stocks;10.3;-2.94;10.3;-2.94
1671130800000;CEBR6.SA;10.0;10.01;10.0;10.01;10.01;700;10.3;-2.81;58.37;ESTAVEL;2022-12-15 19:00:00;stocks;10.3;-2.81;10.3;-2.81
1671195600000;CEBR6.SA;9.8;9.99;9.8;9.99;9.99;600;10.3;-2.98;56.83;ESTAVEL;2022-12-16 13:00:00;stocks;10.3;-2.98;10.3;-2.98
1671206400000;CEBR6.SA;9.99;9.99;9.99;9.99;9.99;100;10.29;-2.95;56.83;ESTAVEL;2022-12-16 16:00:00;stocks;10.29;-2.95;10.29;-2.95
1671210000000;CEBR6.SA;10.0;10.0;10.0;10.0;10.0;200;10.29;-2.83;57.48;ESTAVEL;2022-12-16 17:00:00;stocks;10.29;-2.83;10.29;-2.83
1671213600000;CEBR6.SA;10.0;10.0;10.0;10.0;10.0;100;10.29;-2.8;57.48;ESTAVEL;2022-12-16 18:00:00;stocks;10.29;-2.8;10.29;-2.8
1671454800000;CEBR6.SA;9.71;9.72;9.71;9.71;9.71;900;10.28;-5.56;38.17;ESTAVEL;2022-12-19 13:00:00;stocks;10.28;-5.56;10.28;-5.56
1671458400000;CEBR6.SA;9.72;9.72;9.71;9.71;9.71;300;10.28;-5.51;38.17;ESTAVEL;2022-12-19 14:00:00;stocks;10.28;-5.51;10.28;-5.51
1671462000000;CEBR6.SA;9.71;9.8;9.71;9.8;9.8;2800;10.27;-4.59;44.84;ESTAVEL;2022-12-19 15:00:00;stocks;10.27;-4.59;10.27;-4.59
1671465600000;CEBR6.SA;9.89;9.89;9.89;9.89;9.89;100;10.27;-3.68;50.58;ESTAVEL;2022-12-19 16:00:00;stocks;10.27;-3.68;10.27;-3.68
1671472800000;CEBR6.SA;9.87;9.87;9.86;9.86;9.86;400;10.26;-3.93;48.76;ESTAVEL;2022-12-19 18:00:00;stocks;10.26;-3.93;10.26;-3.93
1671476400000;CEBR6.SA;9.85;9.85;9.8;9.8;9.8;300;10.26;-4.48;45.25;ESTAVEL;2022-12-19 19:00:00;stocks;10.26;-4.48;10.26;-4.48
1671544800000;CEBR6.SA;9.99;9.99;9.98;9.98;9.98;100;10.26;-2.7;55.58;ESTAVEL;2022-12-20 14:00:00;stocks;10.26;-2.7;10.26;-2.7
1671548400000;CEBR6.SA;9.98;10.1;9.98;10.0;10.0;2000;10.25;-2.48;56.56;ESTAVEL;2022-12-20 15:00:00;stocks;10.25;-2.48;10.25;-2.48
1671552000000;CEBR6.SA;10.0;10.1;9.99;10.0;10.0;2300;10.25;-2.45;56.56;ESTAVEL;2022-12-20 16:00:00;stocks;10.25;-2.45;10.25;-2.45
1671555600000;CEBR6.SA;10.05;10.49;10.03;10.03;10.03;17200;10.25;-2.14;58.17;ESTAVEL;2022-12-20 17:00:00;stocks;10.25;-2.14;10.25;-2.14
1671559200000;CEBR6.SA;10.09;10.44;10.08;10.44;10.44;500;10.25;1.84;72.92;CAIR;2022-12-20 18:00:00;stocks;10.25;1.84;10.25;1.84
1671562800000;CEBR6.SA;10.42;10.42;10.11;10.11;10.11;700;10.25;-1.36;55.85;ESTAVEL;2022-12-20 19:00:00;stocks;10.25;-1.36;10.25;-1.36
1671631200000;CEBR6.SA;10.11;10.11;10.11;10.11;10.11;0;10.25;-1.35;55.85;ESTAVEL;2022-12-21 14:00:00;stocks;10.25;-1.35;10.25;-1.35
1671634800000;CEBR6.SA;10.11;10.11;10.11;10.11;10.11;100;10.25;-1.34;55.85;ESTAVEL;2022-12-21 15:00:00;stocks;10.25;-1.34;10.25;-1.34
1671638400000;CEBR6.SA;10.11;10.11;10.11;10.11;10.11;300;10.25;-1.32;55.85;ESTAVEL;2022-12-21 16:00:00;stocks;10.25;-1.32;10.25;-1.32
1671642000000;CEBR6.SA;10.34;10.38;10.34;10.38;10.38;900;10.25;1.3;64.89;ESTAVEL;2022-12-21 17:00:00;stocks;10.25;1.3;10.25;1.3
1671645600000;CEBR6.SA;10.25;10.26;10.25;10.26;10.26;600;10.25;0.13;59.1;ESTAVEL;2022-12-21 18:00:00;stocks;10.25;0.13;10.25;0.13
1671649200000;CEBR6.SA;10.21;10.21;10.21;10.21;10.21;100;10.25;-0.36;56.82;ESTAVEL;2022-12-21 19:00:00;stocks;10.25;-0.36;10.25;-0.36
1671717600000;CEBR6.SA;10.3;10.3;10.3;10.3;10.3;0;10.25;0.52;59.82;ESTAVEL;2022-12-22 14:00:00;stocks;10.25;0.52;10.25;0.52
1671721200000;CEBR6.SA;10.39;10.39;10.39;10.39;10.39;100;10.25;1.38;62.62;ESTAVEL;2022-12-22 15:00:00;stocks;10.25;1.38;10.25;1.38
1671728400000;CEBR6.SA;10.35;10.39;10.35;10.39;10.39;1000;10.25;1.37;62.62;ESTAVEL;2022-12-22 17:00:00;stocks;10.25;1.37;10.25;1.37
1671732000000;CEBR6.SA;10.3;10.3;10.3;10.3;10.3;100;10.25;0.48;57.94;ESTAVEL;2022-12-22 18:00:00;stocks;10.25;0.48;10.25;0.48
1671735600000;CEBR6.SA;10.37;10.37;10.37;10.37;10.37;100;10.25;1.15;60.42;ESTAVEL;2022-12-22 19:00:00;stocks;10.25;1.15;10.25;1.15
1671800400000;CEBR6.SA;10.37;10.37;10.37;10.37;10.37;0;10.25;1.14;60.42;ESTAVEL;2022-12-23 13:00:00;stocks;10.25;1.14;10.25;1.14
1671804000000;CEBR6.SA;10.25;10.42;10.25;10.42;10.42;2000;10.25;1.61;62.26;ESTAVEL;2022-12-23 14:00:00;stocks;10.25;1.61;10.25;1.61
1671807600000;CEBR6.SA;10.31;10.38;10.25;10.38;10.38;1700;10.26;1.21;59.86;ESTAVEL;2022-12-23 15:00:00;stocks;10.26;1.21;10.26;1.21
1671811200000;CEBR6.SA;10.3;10.3;10.15;10.17;10.17;9300;10.25;-0.83;49.15;ESTAVEL;2022-12-23 16:00:00;stocks;10.25;-0.83;10.25;-0.83
1671818400000;CEBR6.SA;10.21;10.21;10.21;10.21;10.21;2100;10.25;-0.43;50.95;ESTAVEL;2022-12-23 18:00:00;stocks;10.25;-0.43;10.25;-0.43
1671822000000;CEBR6.SA;10.21;10.21;10.21;10.21;10.21;200;10.25;-0.43;50.95;ESTAVEL;2022-12-23 19:00:00;stocks;10.25;-0.43;10.25;-0.43
1672059600000;CEBR6.SA;10.1;10.1;10.1;10.1;10.1;0;10.25;-1.49;45.78;ESTAVEL;2022-12-26 13:00:00;stocks;10.25;-1.49;10.25;-1.49
1672063200000;CEBR6.SA;10.2;10.2;10.1;10.1;10.1;2100;10.25;-1.47;45.78;ESTAVEL;2022-12-26 14:00:00;stocks;10.25;-1.47;10.25;-1.47
1672066800000;CEBR6.SA;10.1;10.1;10.1;10.1;10.1;100;10.25;-1.46;45.78;ESTAVEL;2022-12-26 15:00:00;stocks;10.25;-1.46;10.25;-1.46
1672070400000;CEBR6.SA;10.2;10.2;10.2;10.2;10.2;1200;10.25;-0.48;51.38;ESTAVEL;2022-12-26 16:00:00;stocks;10.25;-0.48;10.25;-0.48
1672074000000;CEBR6.SA;10.21;10.21;10.2;10.2;10.2;700;10.25;-0.47;51.38;ESTAVEL;2022-12-26 17:00:00;stocks;10.25;-0.47;10.25;-0.47
1672077600000;CEBR6.SA;10.22;10.22;10.22;10.22;10.22;300;10.25;-0.28;52.52;ESTAVEL;2022-12-26 18:00:00;stocks;10.25;-0.28;10.25;-0.28
1672081200000;CEBR6.SA;10.2;10.2;10.2;10.2;10.2;200;10.25;-0.47;51.23;ESTAVEL;2022-12-26 19:00:00;stocks;10.25;-0.47;10.25;-0.47
1672146000000;CEBR6.SA;10.2;10.35;10.16;10.35;10.35;200;10.25;0.99;59.31;ESTAVEL;2022-12-27 13:00:00;stocks;10.25;0.99;10.25;0.99
1672149600000;CEBR6.SA;10.24;10.25;10.24;10.25;10.25;7400;10.25;0.01;53.0;ESTAVEL;2022-12-27 14:00:00;stocks;10.25;0.01;10.25;0.01
1672156800000;CEBR6.SA;10.25;10.25;10.25;10.25;10.25;100;10.25;0.01;53.0;ESTAVEL;2022-12-27 16:00:00;stocks;10.25;0.01;10.25;0.01
1672160400000;CEBR6.SA;10.25;10.25;10.25;10.25;10.25;100;10.25;0.01;53.0;ESTAVEL;2022-12-27 17:00:00;stocks;10.25;0.01;10.25;0.01
1672167600000;CEBR6.SA;10.2;10.2;10.2;10.2;10.2;400;10.25;-0.47;49.71;ESTAVEL;2022-12-27 19:00:00;stocks;10.25;-0.47;10.25;-0.47
1672232400000;CEBR6.SA;10.18;10.18;10.15;10.15;10.15;800;10.25;-0.95;46.58;ESTAVEL;2022-12-28 13:00:00;stocks;10.25;-0.95;10.25;-0.95
1672236000000;CEBR6.SA;10.18;10.18;10.15;10.16;10.16;700;10.25;-0.84;47.3;ESTAVEL;2022-12-28 14:00:00;stocks;10.25;-0.84;10.25;-0.84
1672239600000;CEBR6.SA;10.16;10.16;10.14;10.14;10.14;200;10.25;-1.03;45.98;ESTAVEL;2022-12-28 15:00:00;stocks;10.25;-1.03;10.25;-1.03
1672243200000;CEBR6.SA;10.14;10.14;10.14;10.14;10.14;700;10.24;-1.02;45.98;ESTAVEL;2022-12-28 16:00:00;stocks;10.24;-1.02;10.24;-1.02
1672246800000;CEBR6.SA;10.13;10.13;10.12;10.12;10.12;500;10.24;-1.2;44.53;ESTAVEL;2022-12-28 17:00:00;stocks;10.24;-1.2;10.24;-1.2
1672254000000;CEBR6.SA;10.12;10.27;10.1;10.1;10.1;1100;10.24;-1.38;43.08;ESTAVEL;2022-12-28 19:00:00;stocks;10.24;-1.38;10.24;-1.38
1672318800000;CEBR6.SA;10.11;10.13;10.1;10.13;10.13;100;10.24;-1.08;45.93;ESTAVEL;2022-12-29 13:00:00;stocks;10.24;-1.08;10.24;-1.08
1672322400000;CEBR6.SA;10.13;10.13;10.1;10.1;10.1;2600;10.24;-1.36;43.58;ESTAVEL;2022-12-29 14:00:00;stocks;10.24;-1.36;10.24;-1.36
1672326000000;CEBR6.SA;10.1;10.1;10.05;10.05;10.05;13900;10.24;-1.83;39.91;ESTAVEL;2022-12-29 15:00:00;stocks;10.24;-1.83;10.24;-1.83
1672329600000;CEBR6.SA;10.06;10.12;10.01;10.11;10.11;11500;10.24;-1.23;45.81;ESTAVEL;2022-12-29 16:00:00;stocks;10.24;-1.23;10.24;-1.23
1672333200000;CEBR6.SA;10.11;10.11;10.11;10.11;10.11;1000;10.23;-1.22;45.81;ESTAVEL;2022-12-29 17:00:00;stocks;10.23;-1.22;10.23;-1.22
1672664400000;CEBR6.SA;10.04;10.04;9.95;9.95;9.95;9600;10.23;-2.76;35.14;ESTAVEL;2023-01-02 13:00:00;stocks;10.23;-2.76;10.23;-2.76
1672675200000;CEBR6.SA;10.14;10.14;10.13;10.14;10.14;800;10.23;-0.89;50.02;ESTAVEL;2023-01-02 16:00:00;stocks;10.23;-0.89;10.23;-0.89
1672678800000;CEBR6.SA;10.05;10.05;10.01;10.01;10.01;1900;10.23;-2.14;42.79;ESTAVEL;2023-01-02 17:00:00;stocks;10.23;-2.14;10.23;-2.14
1672682400000;CEBR6.SA;10.14;10.14;10.08;10.08;10.08;0;10.23;-1.44;47.22;ESTAVEL;2023-01-02 18:00:00;stocks;10.23;-1.44;10.23;-1.44
1672754400000;CEBR6.SA;10.21;10.21;10.1;10.11;10.11;500;10.23;-1.14;49.04;ESTAVEL;2023-01-03 14:00:00;stocks;10.23;-1.14;10.23;-1.14
1672758000000;CEBR6.SA;10.17;10.17;10.17;10.17;10.17;4600;10.23;-0.54;52.56;ESTAVEL;2023-01-03 15:00:00;stocks;10.23;-0.54;10.23;-0.54
1672772400000;CEBR6.SA;10.21;10.21;10.16;10.16;10.16;2300;10.22;-0.64;51.92;ESTAVEL;2023-01-03 19:00:00;stocks;10.22;-0.64;10.22;-0.64
1672837200000;CEBR6.SA;10.2;10.2;10.2;10.2;10.2;0;10.22;-0.24;54.33;ESTAVEL;2023-01-04 13:00:00;stocks;10.22;-0.24;10.22;-0.24
1672840800000;CEBR6.SA;10.25;10.25;10.25;10.25;10.25;100;10.22;0.24;57.22;ESTAVEL;2023-01-04 14:00:00;stocks;10.22;0.24;10.22;0.24
1672844400000;CEBR6.SA;10.22;10.31;10.22;10.31;10.31;2100;10.23;0.82;60.45;ESTAVEL;2023-01-04 15:00:00;stocks;10.23;0.82;10.23;0.82
1672848000000;CEBR6.SA;10.21;10.21;10.21;10.21;10.21;200;10.23;-0.15;53.23;ESTAVEL;2023-01-04 16:00:00;stocks;10.23;-0.15;10.23;-0.15
1672851600000;CEBR6.SA;10.02;10.03;10.02;10.02;10.02;1100;10.22;-1.99;42.78;ESTAVEL;2023-01-04 17:00:00;stocks;10.22;-1.99;10.22;-1.99
1672855200000;CEBR6.SA;10.06;10.06;10.06;10.06;10.06;100;10.22;-1.58;45.22;ESTAVEL;2023-01-04 18:00:00;stocks;10.22;-1.58;10.22;-1.58
1672923600000;CEBR6.SA;10.17;10.17;10.09;10.09;10.09;0;10.22;-1.28;47.04;ESTAVEL;2023-01-05 13:00:00;stocks;10.22;-1.28;10.22;-1.28
1672927200000;CEBR6.SA;10.1;10.1;10.1;10.1;10.1;100;10.22;-1.17;47.66;ESTAVEL;2023-01-05 14:00:00;stocks;10.22;-1.17;10.22;-1.17
1672930800000;CEBR6.SA;10.11;10.11;10.11;10.11;10.11;200;10.22;-1.06;48.32;ESTAVEL;2023-01-05 15:00:00;stocks;10.22;-1.06;10.22;-1.06
1672934400000;CEBR6.SA;10.14;10.14;10.14;10.14;10.14;200;10.22;-0.76;50.34;ESTAVEL;2023-01-05 16:00:00;stocks;10.22;-0.76;10.22;-0.76
1672938000000;CEBR6.SA;10.22;10.26;10.22;10.26;10.26;200;10.22;0.41;57.48;ESTAVEL;2023-01-05 17:00:00;stocks;10.22;0.41;10.22;0.41
1672941600000;CEBR6.SA;10.36;10.36;10.36;10.36;10.36;100;10.22;1.38;62.34;ESTAVEL;2023-01-05 18:00:00;stocks;10.22;1.38;10.22;1.38
1672945200000;CEBR6.SA;10.35;10.41;10.35;10.38;10.38;2200;10.22;1.56;63.24;ESTAVEL;2023-01-05 19:00:00;stocks;10.22;1.56;10.22;1.56
1673017200000;CEBR6.SA;10.36;10.36;10.36;10.36;10.36;0;10.22;1.35;61.65;ESTAVEL;2023-01-06 15:00:00;stocks;10.22;1.35;10.22;1.35
1673020800000;CEBR6.SA;10.36;10.37;10.35;10.35;10.35;1400;10.22;1.24;60.82;ESTAVEL;2023-01-06 16:00:00;stocks;10.22;1.24;10.22;1.24
1673024400000;CEBR6.SA;10.63;10.63;10.63;10.63;10.63;300;10.23;3.93;72.09;CAIR;2023-01-06 17:00:00;stocks;10.23;3.93;10.23;3.93
1673028000000;CEBR6.SA;10.56;10.69;10.5;10.59;10.59;4300;10.23;3.51;69.04;ESTAVEL;2023-01-06 18:00:00;stocks;10.23;3.51;10.23;3.51
1673031600000;CEBR6.SA;10.5;10.56;10.5;10.51;10.51;1300;10.23;2.7;63.26;ESTAVEL;2023-01-06 19:00:00;stocks;10.23;2.7;10.23;2.7
1673269200000;CEBR6.SA;10.52;10.53;10.51;10.51;10.51;400;10.24;2.67;63.26;ESTAVEL;2023-01-09 13:00:00;stocks;10.24;2.67;10.24;2.67
1673272800000;CEBR6.SA;10.55;10.6;10.55;10.58;10.58;2300;10.24;3.32;66.14;ESTAVEL;2023-01-09 14:00:00;stocks;10.24;3.32;10.24;3.32
1673276400000;CEBR6.SA;10.45;10.45;10.45;10.45;10.45;100;10.24;2.03;57.19;ESTAVEL;2023-01-09 15:00:00;stocks;10.24;2.03;10.24;2.03
1673283600000;CEBR6.SA;10.51;10.59;10.51;10.59;10.59;800;10.25;3.36;62.99;ESTAVEL;2023-01-09 17:00:00;stocks;10.25;3.36;10.25;3.36
1673287200000;CEBR6.SA;10.54;10.54;10.53;10.53;10.53;200;10.25;2.75;59.28;ESTAVEL;2023-01-09 18:00:00;stocks;10.25;2.75;10.25;2.75
1673355600000;CEBR6.SA;10.9;10.9;10.61;10.61;10.61;1900;10.25;3.49;62.46;ESTAVEL;2023-01-10 13:00:00;stocks;10.25;3.49;10.25;3.49
1673359200000;CEBR6.SA;10.87;10.9;10.6;10.6;10.6;7700;10.26;3.36;61.81;ESTAVEL;2023-01-10 14:00:00;stocks;10.26;3.36;10.26;3.36
1673362800000;CEBR6.SA;10.62;10.63;10.61;10.61;10.61;2600;10.26;3.42;62.23;ESTAVEL;2023-01-10 15:00:00;stocks;10.26;3.42;10.26;3.42
1673366400000;CEBR6.SA;10.63;10.63;10.61;10.61;10.61;400;10.26;3.38;62.23;ESTAVEL;2023-01-10 16:00:00;stocks;10.26;3.38;10.26;3.38
1673370000000;CEBR6.SA;10.65;10.65;10.6;10.6;10.6;700;10.27;3.25;61.44;ESTAVEL;2023-01-10 17:00:00;stocks;10.27;3.25;10.27;3.25
1673373600000;CEBR6.SA;10.61;10.82;10.61;10.82;10.82;400;10.27;5.34;70.35;CAIR;2023-01-10 18:00:00;stocks;10.27;5.34;10.27;5.34
1673377200000;CEBR6.SA;10.8;10.8;10.6;10.6;10.6;2100;10.27;3.16;56.34;ESTAVEL;2023-01-10 19:00:00;stocks;10.27;3.16;10.27;3.16
1673442000000;CEBR6.SA;10.79;10.79;10.61;10.68;10.68;700;10.28;3.9;59.5;ESTAVEL;2023-01-11 13:00:00;stocks;10.28;3.9;10.28;3.9
1673445600000;CEBR6.SA;10.88;10.9;10.84;10.84;10.84;2700;10.28;5.4;64.96;ESTAVEL;2023-01-11 14:00:00;stocks;10.28;5.4;10.28;5.4
1673449200000;CEBR6.SA;10.79;10.88;10.79;10.88;10.88;200;10.29;5.73;66.18;ESTAVEL;2023-01-11 15:00:00;stocks;10.29;5.73;10.29;5.73
1673452800000;CEBR6.SA;10.85;10.85;10.75;10.82;10.82;900;10.3;5.09;62.64;ESTAVEL;2023-01-11 16:00:00;stocks;10.3;5.09;10.3;5.09
1673456400000;CEBR6.SA;10.82;10.82;10.82;10.82;10.82;500;10.3;5.04;62.64;ESTAVEL;2023-01-11 17:00:00;stocks;10.3;5.04;10.3;5.04
1673460000000;CEBR6.SA;10.78;10.78;10.78;10.78;10.78;100;10.31;4.6;60.15;ESTAVEL;2023-01-11 18:00:00;stocks;10.31;4.6;10.31;4.6
1673463600000;CEBR6.SA;10.78;10.78;10.78;10.78;10.78;100;10.31;4.56;60.15;ESTAVEL;2023-01-11 19:00:00;stocks;10.31;4.56;10.31;4.56
1673528400000;CEBR6.SA;10.7;10.7;10.42;10.42;10.42;4000;10.31;1.05;42.51;ESTAVEL;2023-01-12 13:00:00;stocks;10.31;1.05;10.31;1.05
1673532000000;CEBR6.SA;10.46;10.51;10.12;10.38;10.38;12800;10.31;0.66;41.07;ESTAVEL;2023-01-12 14:00:00;stocks;10.31;0.66;10.31;0.66
1673535600000;CEBR6.SA;10.45;10.45;10.45;10.45;10.45;100;10.31;1.32;44.61;ESTAVEL;2023-01-12 15:00:00;stocks;10.31;1.32;10.31;1.32
1673539200000;CEBR6.SA;10.43;10.48;10.32;10.48;10.48;1300;10.32;1.6;46.1;ESTAVEL;2023-01-12 16:00:00;stocks;10.32;1.6;10.32;1.6
1673542800000;CEBR6.SA;10.46;10.69;10.33;10.69;10.69;1700;10.32;3.6;55.21;ESTAVEL;2023-01-12 17:00:00;stocks;10.32;3.6;10.32;3.6
1673546400000;CEBR6.SA;10.56;10.56;10.56;10.56;10.56;100;10.32;2.31;49.62;ESTAVEL;2023-01-12 18:00:00;stocks;10.32;2.31;10.32;2.31
1673550000000;CEBR6.SA;10.56;10.69;10.56;10.69;10.69;1300;10.32;3.54;54.57;ESTAVEL;2023-01-12 19:00:00;stocks;10.32;3.54;10.32;3.54
1673614800000;CEBR6.SA;10.47;10.47;10.47;10.47;10.47;0;10.33;1.39;46.28;ESTAVEL;2023-01-13 13:00:00;stocks;10.33;1.39;10.33;1.39
1673618400000;CEBR6.SA;10.53;10.53;10.25;10.53;10.53;900;10.33;1.95;48.57;ESTAVEL;2023-01-13 14:00:00;stocks;10.33;1.95;10.33;1.95
1673622000000;CEBR6.SA;10.53;10.53;10.53;10.53;10.53;500;10.33;1.93;48.57;ESTAVEL;2023-01-13 15:00:00;stocks;10.33;1.93;10.33;1.93
1673625600000;CEBR6.SA;10.54;10.6;10.24;10.24;10.24;1500;10.33;-0.87;39.19;ESTAVEL;2023-01-13 16:00:00;stocks;10.33;-0.87;10.33;-0.87
1673629200000;CEBR6.SA;10.59;10.83;10.2;10.23;10.23;2600;10.33;-0.95;38.91;ESTAVEL;2023-01-13 17:00:00;stocks;10.33;-0.95;10.33;-0.95
1673636400000;CEBR6.SA;10.26;10.26;10.26;10.26;10.26;100;10.33;-0.66;40.29;ESTAVEL;2023-01-13 19:00:00;stocks;10.33;-0.66;10.33;-0.66
1673881200000;CEBR6.SA;10.4;10.4;10.22;10.4;10.4;4500;10.33;0.69;46.35;ESTAVEL;2023-01-16 15:00:00;stocks;10.33;0.69;10.33;0.69
1673884800000;CEBR6.SA;10.46;10.62;10.46;10.5;10.5;500;10.33;1.64;50.24;ESTAVEL;2023-01-16 16:00:00;stocks;10.33;1.64;10.33;1.64
1673888400000;CEBR6.SA;10.31;10.31;10.3;10.3;10.3;200;10.33;-0.29;43.46;ESTAVEL;2023-01-16 17:00:00;stocks;10.33;-0.29;10.33;-0.29
1673892000000;CEBR6.SA;10.57;10.58;10.54;10.56;10.56;4300;10.33;2.2;52.44;ESTAVEL;2023-01-16 18:00:00;stocks;10.33;2.2;10.33;2.2
1673895600000;CEBR6.SA;10.48;10.48;10.48;10.48;10.48;100;10.33;1.42;49.82;ESTAVEL;2023-01-16 19:00:00;stocks;10.33;1.42;10.33;1.42
1673960400000;CEBR6.SA;10.62;10.68;10.56;10.68;10.68;1700;10.34;3.32;55.78;ESTAVEL;2023-01-17 13:00:00;stocks;10.34;3.32;10.34;3.32
1673964000000;CEBR6.SA;10.53;10.7;10.53;10.69;10.69;400;10.34;3.38;56.06;ESTAVEL;2023-01-17 14:00:00;stocks;10.34;3.38;10.34;3.38
1673967600000;CEBR6.SA;10.69;10.69;10.69;10.69;10.69;800;10.34;3.34;56.06;ESTAVEL;2023-01-17 15:00:00;stocks;10.34;3.34;10.34;3.34
1673971200000;CEBR6.SA;10.67;10.69;10.67;10.69;10.69;1600;10.35;3.31;56.06;ESTAVEL;2023-01-17 16:00:00;stocks;10.35;3.31;10.35;3.31
1673974800000;CEBR6.SA;10.65;10.68;10.65;10.68;10.68;400;10.35;3.18;55.62;ESTAVEL;2023-01-17 17:00:00;stocks;10.35;3.18;10.35;3.18
1673982000000;CEBR6.SA;10.69;10.7;10.69;10.7;10.7;2100;10.35;3.34;56.36;ESTAVEL;2023-01-17 19:00:00;stocks;10.35;3.34;10.35;3.34
1674046800000;CEBR6.SA;10.71;10.71;10.71;10.71;10.71;0;10.36;3.4;56.75;ESTAVEL;2023-01-18 13:00:00;stocks;10.36;3.4;10.36;3.4
1674050400000;CEBR6.SA;10.85;10.89;10.85;10.88;10.88;600;10.36;4.99;62.81;ESTAVEL;2023-01-18 14:00:00;stocks;10.36;4.99;10.36;4.99
1674054000000;CEBR6.SA;10.71;10.71;10.7;10.7;10.7;1800;10.37;3.22;54.16;ESTAVEL;2023-01-18 15:00:00;stocks;10.37;3.22;10.37;3.22
1674057600000;CEBR6.SA;10.6;10.6;10.6;10.6;10.6;100;10.37;2.23;50.03;ESTAVEL;2023-01-18 16:00:00;stocks;10.37;2.23;10.37;2.23
1674061200000;CEBR6.SA;10.79;10.79;10.79;10.79;10.79;200;10.37;4.02;56.77;ESTAVEL;2023-01-18 17:00:00;stocks;10.37;4.02;10.37;4.02
1674064800000;CEBR6.SA;10.63;10.63;10.63;10.63;10.63;100;10.38;2.45;50.58;ESTAVEL;2023-01-18 18:00:00;stocks;10.38;2.45;10.38;2.45
1674068400000;CEBR6.SA;10.69;10.69;10.69;10.69;10.69;100;10.38;3.0;52.67;ESTAVEL;2023-01-18 19:00:00;stocks;10.38;3.0;10.38;3.0
1674133200000;CEBR6.SA;10.7;10.7;10.67;10.7;10.7;300;10.38;3.06;53.02;ESTAVEL;2023-01-19 13:00:00;stocks;10.38;3.06;10.38;3.06
1674136800000;CEBR6.SA;10.69;10.75;10.69;10.7;10.7;3000;10.39;3.03;53.02;ESTAVEL;2023-01-19 14:00:00;stocks;10.39;3.03;10.39;3.03
1674140400000;CEBR6.SA;10.69;10.69;10.61;10.61;10.61;300;10.39;2.14;49.17;ESTAVEL;2023-01-19 15:00:00;stocks;10.39;2.14;10.39;2.14
1674147600000;CEBR6.SA;10.61;10.62;10.61;10.62;10.62;300;10.39;2.22;49.61;ESTAVEL;2023-01-19 17:00:00;stocks;10.39;2.22;10.39;2.22
1674151200000;CEBR6.SA;10.65;10.65;10.62;10.62;10.62;900;10.39;2.2;49.61;ESTAVEL;2023-01-19 18:00:00;stocks;10.39;2.2;10.39;2.2
1674154800000;CEBR6.SA;10.7;10.7;10.65;10.65;10.65;300;10.39;2.46;51.07;ESTAVEL;2023-01-19 19:00:00;stocks;10.39;2.46;10.39;2.46
1674223200000;CEBR6.SA;10.75;10.81;10.75;10.81;10.81;200;10.4;3.96;58.08;ESTAVEL;2023-01-20 14:00:00;stocks;10.4;3.96;10.4;3.96
1674226800000;CEBR6.SA;10.81;10.82;10.8;10.8;10.8;11100;10.4;3.82;57.53;ESTAVEL;2023-01-20 15:00:00;stocks;10.4;3.82;10.4;3.82
1674234000000;CEBR6.SA;10.8;10.8;10.8;10.8;10.8;900;10.41;3.78;57.53;ESTAVEL;2023-01-20 17:00:00;stocks;10.41;3.78;10.41;3.78
1674237600000;CEBR6.SA;10.81;10.81;10.8;10.8;10.8;700;10.41;3.74;57.53;ESTAVEL;2023-01-20 18:00:00;stocks;10.41;3.74;10.41;3.74
1674241200000;CEBR6.SA;10.8;10.8;10.78;10.8;10.8;3700;10.41;3.7;57.53;ESTAVEL;2023-01-20 19:00:00;stocks;10.41;3.7;10.41;3.7
1674478800000;CEBR6.SA;10.8;10.96;10.8;10.83;10.83;300;10.42;3.95;59.1;ESTAVEL;2023-01-23 13:00:00;stocks;10.42;3.95;10.42;3.95
1674482400000;CEBR6.SA;10.89;10.89;10.89;10.89;10.89;700;10.42;4.48;62.13;ESTAVEL;2023-01-23 14:00:00;stocks;10.42;4.48;10.42;4.48
1674486000000;CEBR6.SA;10.88;10.9;10.88;10.9;10.9;7300;10.43;4.53;62.63;ESTAVEL;2023-01-23 15:00:00;stocks;10.43;4.53;10.43;4.53
1674489600000;CEBR6.SA;10.91;10.92;10.83;10.83;10.83;6100;10.43;3.82;57.0;ESTAVEL;2023-01-23 16:00:00;stocks;10.43;3.82;10.43;3.82
1674493200000;CEBR6.SA;10.98;10.98;10.98;10.98;10.98;100;10.44;5.2;64.39;ESTAVEL;2023-01-23 17:00:00;stocks;10.44;5.2;10.44;5.2
1674496800000;CEBR6.SA;10.98;11.0;10.8;10.8;10.8;6400;10.44;3.44;52.68;ESTAVEL;2023-01-23 18:00:00;stocks;10.44;3.44;10.44;3.44
1674565200000;CEBR6.SA;10.8;10.8;10.8;10.8;10.8;0;10.44;3.4;52.68;ESTAVEL;2023-01-24 13:00:00;stocks;10.44;3.4;10.44;3.4
1674568800000;CEBR6.SA;10.89;10.89;10.89;10.89;10.89;1100;10.45;4.22;57.2;ESTAVEL;2023-01-24 14:00:00;stocks;10.45;4.22;10.45;4.22
1674572400000;CEBR6.SA;10.81;10.81;10.8;10.8;10.8;1200;10.45;3.32;51.87;ESTAVEL;2023-01-24 15:00:00;stocks;10.45;3.32;10.45;3.32
1674576000000;CEBR6.SA;10.85;10.9;10.8;10.8;10.8;800;10.46;3.29;51.87;ESTAVEL;2023-01-24 16:00:00;stocks;10.46;3.29;10.46;3.29
1674579600000;CEBR6.SA;10.8;10.8;10.8;10.8;10.8;100;10.46;3.26;51.87;ESTAVEL;2023-01-24 17:00:00;stocks;10.46;3.26;10.46;3.26
1674583200000;CEBR6.SA;10.8;10.8;10.8;10.8;10.8;1000;10.46;3.22;51.87;ESTAVEL;2023-01-24 18:00:00;stocks;10.46;3.22;10.46;3.22
1674651600000;CEBR6.SA;10.77;10.77;10.77;10.77;10.77;100;10.47;2.91;49.79;ESTAVEL;2023-01-25 13:00:00;stocks;10.47;2.91;10.47;2.91
1674655200000;CEBR6.SA;10.78;10.81;10.77;10.81;10.81;800;10.47;3.26;52.52;ESTAVEL;2023-01-25 14:00:00;stocks;10.47;3.26;10.47;3.26
1674658800000;CEBR6.SA;10.81;10.81;10.81;10.81;10.81;500;10.47;3.22;52.52;ESTAVEL;2023-01-25 15:00:00;stocks;10.47;3.22;10.47;3.22
1674662400000;CEBR6.SA;10.81;10.9;10.81;10.9;10.9;6100;10.48;4.04;58.43;ESTAVEL;2023-01-25 16:00:00;stocks;10.48;4.04;10.48;4.04
1674666000000;CEBR6.SA;10.9;10.91;10.8;10.8;10.8;4800;10.48;3.05;50.86;ESTAVEL;2023-01-25 17:00:00;stocks;10.48;3.05;10.48;3.05
1674669600000;CEBR6.SA;10.8;10.8;10.8;10.8;10.8;900;10.48;3.02;50.86;ESTAVEL;2023-01-25 18:00:00;stocks;10.48;3.02;10.48;3.02
1674673200000;CEBR6.SA;10.84;10.84;10.84;10.84;10.84;100;10.49;3.37;53.64;ESTAVEL;2023-01-25 19:00:00;stocks;10.49;3.37;10.49;3.37
1674738000000;CEBR6.SA;10.85;10.85;10.84;10.84;10.84;0;10.49;3.33;53.64;ESTAVEL;2023-01-26 13:00:00;stocks;10.49;3.33;10.49;3.33
1674741600000;CEBR6.SA;10.89;10.9;10.8;10.89;10.89;2000;10.49;3.77;57.16;ESTAVEL;2023-01-26 14:00:00;stocks;10.49;3.77;10.49;3.77
1674748800000;CEBR6.SA;10.81;10.89;10.81;10.89;10.89;1000;10.5;3.73;57.16;ESTAVEL;2023-01-26 16:00:00;stocks;10.5;3.73;10.5;3.73
1674752400000;CEBR6.SA;10.72;10.72;10.71;10.71;10.71;200;10.5;2.0;43.41;ESTAVEL;2023-01-26 17:00:00;stocks;10.5;2.0;10.5;2.0
1674756000000;CEBR6.SA;10.87;10.9;10.87;10.9;10.9;2000;10.5;3.77;55.56;ESTAVEL;2023-01-26 18:00:00;stocks;10.5;3.77;10.5;3.77
1674759600000;CEBR6.SA;10.9;10.9;10.86;10.9;10.9;2300;10.51;3.73;55.56;ESTAVEL;2023-01-26 19:00:00;stocks;10.51;3.73;10.51;3.73
1674824400000;CEBR6.SA;10.88;10.9;10.88;10.9;10.9;3200;10.51;3.69;55.56;ESTAVEL;2023-01-27 13:00:00;stocks;10.51;3.69;10.51;3.69
1674828000000;CEBR6.SA;10.87;10.87;10.87;10.87;10.87;500;10.52;3.37;53.3;ESTAVEL;2023-01-27 14:00:00;stocks;10.52;3.37;10.52;3.37
1674831600000;CEBR6.SA;10.9;10.9;10.89;10.9;10.9;600;10.52;3.62;55.26;ESTAVEL;2023-01-27 15:00:00;stocks;10.52;3.62;10.52;3.62
1674835200000;CEBR6.SA;10.78;10.81;10.78;10.81;10.81;300;10.52;2.73;48.67;ESTAVEL;2023-01-27 16:00:00;stocks;10.52;2.73;10.52;2.73
1674838800000;CEBR6.SA;10.85;10.85;10.85;10.85;10.85;200;10.53;3.08;51.44;ESTAVEL;2023-01-27 17:00:00;stocks;10.53;3.08;10.53;3.08
1674842400000;CEBR6.SA;10.85;10.88;10.85;10.88;10.88;1300;10.53;3.33;53.47;ESTAVEL;2023-01-27 18:00:00;stocks;10.53;3.33;10.53;3.33
1674846000000;CEBR6.SA;10.88;10.9;10.87;10.9;10.9;2900;10.53;3.49;54.83;ESTAVEL;2023-01-27 19:00:00;stocks;10.53;3.49;10.53;3.49
1675083600000;CEBR6.SA;10.85;10.85;10.85;10.85;10.85;300;10.54;2.98;50.84;ESTAVEL;2023-01-30 13:00:00;stocks;10.54;2.98;10.54;2.98
1675087200000;CEBR6.SA;10.89;10.9;10.87;10.87;10.87;1300;10.54;3.14;52.33;ESTAVEL;2023-01-30 14:00:00;stocks;10.54;3.14;10.54;3.14
1675090800000;CEBR6.SA;10.87;10.87;10.85;10.85;10.85;1200;10.54;2.92;50.68;ESTAVEL;2023-01-30 15:00:00;stocks;10.54;2.92;10.54;2.92
1675094400000;CEBR6.SA;10.88;11.0;10.88;11.0;11.0;9400;10.55;4.29;60.73;ESTAVEL;2023-01-30 16:00:00;stocks;10.55;4.29;10.55;4.29
1675098000000;CEBR6.SA;11.0;11.0;11.0;11.0;11.0;4400;10.55;4.25;60.73;ESTAVEL;2023-01-30 17:00:00;stocks;10.55;4.25;10.55;4.25
1675101600000;CEBR6.SA;11.01;11.1;11.01;11.1;11.1;6900;10.56;5.14;66.07;ESTAVEL;2023-01-30 18:00:00;stocks;10.56;5.14;10.56;5.14
1675105200000;CEBR6.SA;10.96;10.96;10.96;10.96;10.96;100;10.56;3.78;54.82;ESTAVEL;2023-01-30 19:00:00;stocks;10.56;3.78;10.56;3.78
1675170000000;CEBR6.SA;11.1;11.1;11.1;11.1;11.1;100;10.57;5.05;61.82;ESTAVEL;2023-01-31 13:00:00;stocks;10.57;5.05;10.57;5.05
1675173600000;CEBR6.SA;11.09;11.1;11.09;11.1;11.1;3200;10.57;5.0;61.82;ESTAVEL;2023-01-31 14:00:00;stocks;10.57;5.0;10.57;5.0
1675177200000;CEBR6.SA;11.09;11.1;11.09;11.1;11.1;2300;10.58;4.95;61.82;ESTAVEL;2023-01-31 15:00:00;stocks;10.58;4.95;10.58;4.95
1675180800000;CEBR6.SA;11.1;11.15;11.1;11.1;11.1;500;10.58;4.89;61.82;ESTAVEL;2023-01-31 16:00:00;stocks;10.58;4.89;10.58;4.89
1675188000000;CEBR6.SA;11.11;11.11;11.1;11.1;11.1;700;10.59;4.84;61.82;ESTAVEL;2023-01-31 18:00:00;stocks;10.59;4.84;10.59;4.84
1675191600000;CEBR6.SA;11.14;11.15;11.14;11.14;11.14;1500;10.59;5.17;64.12;ESTAVEL;2023-01-31 19:00:00;stocks;10.59;5.17;10.59;5.17
1675256400000;CEBR6.SA;11.15;11.27;11.1;11.11;11.11;5000;10.6;4.83;61.15;ESTAVEL;2023-02-01 13:00:00;stocks;10.6;4.83;10.6;4.83
1675260000000;CEBR6.SA;11.11;11.11;11.1;11.1;11.1;5100;10.6;4.69;60.14;ESTAVEL;2023-02-01 14:00:00;stocks;10.6;4.69;10.6;4.69
1675263600000;CEBR6.SA;11.15;11.15;11.09;11.09;11.09;600;10.61;4.55;59.1;ESTAVEL;2023-02-01 15:00:00;stocks;10.61;4.55;10.61;4.55
1675267200000;CEBR6.SA;11.09;11.09;11.08;11.08;11.08;900;10.61;4.41;58.02;ESTAVEL;2023-02-01 16:00:00;stocks;10.61;4.41;10.61;4.41
1675270800000;CEBR6.SA;11.0;11.0;11.0;11.0;11.0;200;10.62;3.61;50.1;ESTAVEL;2023-02-01 17:00:00;stocks;10.62;3.61;10.62;3.61
1675274400000;CEBR6.SA;11.09;11.09;11.09;11.09;11.09;100;10.62;4.42;57.18;ESTAVEL;2023-02-01 18:00:00;stocks;10.62;4.42;10.62;4.42
1675278000000;CEBR6.SA;11.09;11.09;11.07;11.07;11.07;3400;10.63;4.18;55.3;ESTAVEL;2023-02-01 19:00:00;stocks;10.63;4.18;10.63;4.18
1675342800000;CEBR6.SA;11.07;11.07;10.94;10.94;10.94;200;10.63;2.93;44.97;ESTAVEL;2023-02-02 13:00:00;stocks;10.63;2.93;10.63;2.93
1675346400000;CEBR6.SA;10.82;10.82;10.81;10.81;10.81;300;10.63;1.69;37.44;ESTAVEL;2023-02-02 14:00:00;stocks;10.63;1.69;10.63;1.69
1675350000000;CEBR6.SA;11.05;11.06;11.05;11.06;11.06;200;10.63;4.0;53.55;ESTAVEL;2023-02-02 15:00:00;stocks;10.63;4.0;10.63;4.0
1675353600000;CEBR6.SA;11.06;11.06;11.0;11.0;11.0;400;10.64;3.4;50.21;ESTAVEL;2023-02-02 16:00:00;stocks;10.64;3.4;10.64;3.4
1675357200000;CEBR6.SA;11.0;11.05;10.87;11.05;11.05;600;10.64;3.83;52.85;ESTAVEL;2023-02-02 17:00:00;stocks;10.64;3.83;10.64;3.83
1675360800000;CEBR6.SA;11.05;11.05;11.05;11.05;11.05;300;10.65;3.79;52.85;ESTAVEL;2023-02-02 18:00:00;stocks;10.65;3.79;10.65;3.79
1675364400000;CEBR6.SA;11.05;11.06;10.92;10.92;10.92;1000;10.65;2.54;45.56;ESTAVEL;2023-02-02 19:00:00;stocks;10.65;2.54;10.65;2.54
1675429200000;CEBR6.SA;11.06;11.06;11.06;11.06;11.06;500;10.65;3.82;53.07;ESTAVEL;2023-02-03 13:00:00;stocks;10.65;3.82;10.65;3.82
1675436400000;CEBR6.SA;11.03;11.06;11.03;11.06;11.06;400;10.66;3.78;53.07;ESTAVEL;2023-02-03 15:00:00;stocks;10.66;3.78;10.66;3.78
1675443600000;CEBR6.SA;11.06;11.06;11.06;11.06;11.06;800;10.66;3.74;53.07;ESTAVEL;2023-02-03 17:00:00;stocks;10.66;3.74;10.66;3.74
1675447200000;CEBR6.SA;11.06;11.06;11.06;11.06;11.06;100;10.67;3.7;53.07;ESTAVEL;2023-02-03 18:00:00;stocks;10.67;3.7;10.67;3.7
1675450800000;CEBR6.SA;11.05;11.05;11.05;11.05;11.05;200;10.67;3.57;52.37;ESTAVEL;2023-02-03 19:00:00;stocks;10.67;3.57;10.67;3.57
1675688400000;CEBR6.SA;11.05;11.05;10.79;10.79;10.79;2200;10.67;1.12;38.34;ESTAVEL;2023-02-06 13:00:00;stocks;10.67;1.12;10.67;1.12
1675692000000;CEBR6.SA;10.79;10.8;10.79;10.79;10.79;300;10.67;1.11;38.34;ESTAVEL;2023-02-06 14:00:00;stocks;10.67;1.11;10.67;1.11
1675695600000;CEBR6.SA;10.79;11.04;10.78;10.8;10.8;1000;10.67;1.19;39.07;ESTAVEL;2023-02-06 15:00:00;stocks;10.67;1.19;10.67;1.19
1675699200000;CEBR6.SA;10.8;11.04;10.8;11.04;11.04;1200;10.68;3.4;53.32;ESTAVEL;2023-02-06 16:00:00;stocks;10.68;3.4;10.68;3.4
1675702800000;CEBR6.SA;11.04;11.04;11.04;11.04;11.04;100;10.68;3.37;53.32;ESTAVEL;2023-02-06 17:00:00;stocks;10.68;3.37;10.68;3.37
1675706400000;CEBR6.SA;11.03;11.03;11.03;11.03;11.03;100;10.68;3.24;52.72;ESTAVEL;2023-02-06 18:00:00;stocks;10.68;3.24;10.68;3.24
1675710000000;CEBR6.SA;11.04;11.04;11.04;11.04;11.04;300;10.69;3.3;53.29;ESTAVEL;2023-02-06 19:00:00;stocks;10.69;3.3;10.69;3.3
1675774800000;CEBR6.SA;11.04;11.04;11.04;11.04;11.04;300;10.69;3.27;53.29;ESTAVEL;2023-02-07 13:00:00;stocks;10.69;3.27;10.69;3.27
1675778400000;CEBR6.SA;10.83;10.83;10.83;10.83;10.83;700;10.69;1.29;41.32;ESTAVEL;2023-02-07 14:00:00;stocks;10.69;1.29;10.69;1.29
1675785600000;CEBR6.SA;10.91;11.04;10.91;11.04;11.04;200;10.7;3.22;52.75;ESTAVEL;2023-02-07 16:00:00;stocks;10.7;3.22;10.7;3.22
1675789200000;CEBR6.SA;11.04;11.05;11.04;11.05;11.05;6400;10.7;3.28;53.21;ESTAVEL;2023-02-07 17:00:00;stocks;10.7;3.28;10.7;3.28
1675792800000;CEBR6.SA;11.15;11.15;11.05;11.05;11.05;1500;10.7;3.25;53.21;ESTAVEL;2023-02-07 18:00:00;stocks;10.7;3.25;10.7;3.25
1675796400000;CEBR6.SA;11.05;11.14;11.05;11.14;11.14;1600;10.71;4.05;57.59;ESTAVEL;2023-02-07 19:00:00;stocks;10.71;4.05;10.71;4.05
1675864800000;CEBR6.SA;11.15;11.15;11.01;11.01;11.01;500;10.71;2.8;50.27;ESTAVEL;2023-02-08 14:00:00;stocks;10.71;2.8;10.71;2.8
1675868400000;CEBR6.SA;11.01;11.01;11.01;11.01;11.01;300;10.71;2.77;50.27;ESTAVEL;2023-02-08 15:00:00;stocks;10.71;2.77;10.71;2.77
1675882800000;CEBR6.SA;11.11;11.12;11.11;11.12;11.12;300;10.72;3.76;55.79;ESTAVEL;2023-02-08 19:00:00;stocks;10.72;3.76;10.72;3.76
1675947600000;CEBR6.SA;11.43;11.43;11.41;11.41;11.41;400;10.72;6.4;66.37;ESTAVEL;2023-02-09 13:00:00;stocks;10.72;6.4;10.72;6.4
1675951200000;CEBR6.SA;11.14;11.14;11.12;11.14;11.14;1900;10.73;3.84;53.52;ESTAVEL;2023-02-09 14:00:00;stocks;10.73;3.84;10.73;3.84
1675954800000;CEBR6.SA;11.15;11.15;11.15;11.15;11.15;500;10.73;3.89;53.88;ESTAVEL;2023-02-09 15:00:00;stocks;10.73;3.89;10.73;3.89
1675958400000;CEBR6.SA;11.15;11.15;11.15;11.15;11.15;0;10.74;3.85;53.88;ESTAVEL;2023-02-09 16:00:00;stocks;10.74;3.85;10.74;3.85
1675962000000;CEBR6.SA;11.05;11.05;11.05;11.05;11.05;100;10.74;2.89;49.48;ESTAVEL;2023-02-09 17:00:00;stocks;10.74;2.89;10.74;2.89
1675965600000;CEBR6.SA;11.05;11.15;11.05;11.15;11.15;700;10.74;3.78;53.56;ESTAVEL;2023-02-09 18:00:00;stocks;10.74;3.78;10.74;3.78
1675969200000;CEBR6.SA;11.15;11.15;11.15;11.15;11.15;100;10.75;3.74;53.56;ESTAVEL;2023-02-09 19:00:00;stocks;10.75;3.74;10.75;3.74
1676034000000;CEBR6.SA;11.1;11.19;11.1;11.19;11.19;300;10.75;4.07;55.24;ESTAVEL;2023-02-10 13:00:00;stocks;10.75;4.07;10.75;4.07
1676037600000;CEBR6.SA;11.2;11.29;11.2;11.29;11.29;600;10.76;4.95;59.21;ESTAVEL;2023-02-10 14:00:00;stocks;10.76;4.95;10.76;4.95
1676048400000;CEBR6.SA;11.11;11.11;11.02;11.02;11.02;1400;10.76;2.42;47.08;ESTAVEL;2023-02-10 17:00:00;stocks;10.76;2.42;10.76;2.42
1676052000000;CEBR6.SA;11.14;11.14;11.14;11.14;11.14;100;10.76;3.5;51.8;ESTAVEL;2023-02-10 18:00:00;stocks;10.76;3.5;10.76;3.5
1676055600000;CEBR6.SA;11.03;11.03;11.03;11.03;11.03;100;10.77;2.45;47.61;ESTAVEL;2023-02-10 19:00:00;stocks;10.77;2.45;10.77;2.45
1676293200000;CEBR6.SA;11.27;11.27;11.02;11.22;11.22;300;10.77;4.17;54.47;ESTAVEL;2023-02-13 13:00:00;stocks;10.77;4.17;10.77;4.17
1676296800000;CEBR6.SA;11.14;11.14;11.05;11.05;11.05;1100;10.77;2.57;48.36;ESTAVEL;2023-02-13 14:00:00;stocks;10.77;2.57;10.77;2.57
1676300400000;CEBR6.SA;11.03;11.09;11.03;11.09;11.09;200;10.78;2.91;49.79;ESTAVEL;2023-02-13 15:00:00;stocks;10.78;2.91;10.78;2.91
1676304000000;CEBR6.SA;11.05;11.09;11.05;11.09;11.09;300;10.78;2.88;49.79;ESTAVEL;2023-02-13 16:00:00;stocks;10.78;2.88;10.78;2.88
1676307600000;CEBR6.SA;11.12;11.12;11.12;11.12;11.12;200;10.78;3.12;50.97;ESTAVEL;2023-02-13 17:00:00;stocks;10.78;3.12;10.78;3.12
1676311200000;CEBR6.SA;11.12;11.12;11.12;11.12;11.12;500;10.79;3.09;50.97;ESTAVEL;2023-02-13 18:00:00;stocks;10.79;3.09;10.79;3.09
1676314800000;CEBR6.SA;11.08;11.08;11.08;11.08;11.08;100;10.79;2.69;49.18;ESTAVEL;2023-02-13 19:00:00;stocks;10.79;2.69;10.79;2.69
1676379600000;CEBR6.SA;11.15;11.37;11.15;11.37;11.37;3700;10.8;5.32;60.09;ESTAVEL;2023-02-14 13:00:00;stocks;10.8;5.32;10.8;5.32
1676383200000;CEBR6.SA;11.25;11.25;11.15;11.15;11.15;2200;10.8;3.25;51.13;ESTAVEL;2023-02-14 14:00:00;stocks;10.8;3.25;10.8;3.25
1676386800000;CEBR6.SA;11.1;11.1;10.96;10.96;10.96;8800;10.8;1.48;44.9;ESTAVEL;2023-02-14 15:00:00;stocks;10.8;1.48;10.8;1.48
1676390400000;CEBR6.SA;11.08;11.09;11.06;11.06;11.06;300;10.8;2.38;48.46;ESTAVEL;2023-02-14 16:00:00;stocks;10.8;2.38;10.8;2.38
1676394000000;CEBR6.SA;11.06;11.06;11.06;11.06;11.06;200;10.81;2.35;48.46;ESTAVEL;2023-02-14 17:00:00;stocks;10.81;2.35;10.81;2.35
1676397600000;CEBR6.SA;11.06;11.06;11.06;11.06;11.06;1000;10.81;2.33;48.46;ESTAVEL;2023-02-14 18:00:00;stocks;10.81;2.33;10.81;2.33
1676401200000;CEBR6.SA;11.06;11.06;11.05;11.05;11.05;400;10.81;2.21;48.07;ESTAVEL;2023-02-14 19:00:00;stocks;10.81;2.21;10.81;2.21
1676466000000;CEBR6.SA;11.0;11.13;11.0;11.12;11.12;500;10.81;2.83;51.02;ESTAVEL;2023-02-15 13:00:00;stocks;10.81;2.83;10.81;2.83
1676469600000;CEBR6.SA;11.12;11.12;11.12;11.12;11.12;1500;10.82;2.8;51.02;ESTAVEL;2023-02-15 14:00:00;stocks;10.82;2.8;10.82;2.8
1676473200000;CEBR6.SA;11.12;11.12;11.12;11.12;11.12;200;10.82;2.78;51.02;ESTAVEL;2023-02-15 15:00:00;stocks;10.82;2.78;10.82;2.78
1676480400000;CEBR6.SA;11.12;11.12;11.12;11.12;11.12;300;10.82;2.75;51.02;ESTAVEL;2023-02-15 17:00:00;stocks;10.82;2.75;10.82;2.75
1676487600000;CEBR6.SA;11.12;11.13;11.05;11.05;11.05;700;10.82;2.08;47.4;ESTAVEL;2023-02-15 19:00:00;stocks;10.82;2.08;10.82;2.08
1676552400000;CEBR6.SA;11.14;11.14;11.13;11.13;11.13;0;10.83;2.79;51.63;ESTAVEL;2023-02-16 13:00:00;stocks;10.83;2.79;10.83;2.79
1676556000000;CEBR6.SA;11.1;11.12;11.01;11.01;11.01;1600;10.83;1.66;45.69;ESTAVEL;2023-02-16 14:00:00;stocks;10.83;1.66;10.83;1.66
1676559600000;CEBR6.SA;11.01;11.01;11.01;11.01;11.01;200;10.83;1.65;45.69;ESTAVEL;2023-02-16 15:00:00;stocks;10.83;1.65;10.83;1.65
1676566800000;CEBR6.SA;11.05;11.1;11.05;11.1;11.1;1300;10.83;2.45;50.63;ESTAVEL;2023-02-16 17:00:00;stocks;10.83;2.45;10.83;2.45
1676570400000;CEBR6.SA;11.11;11.12;11.11;11.12;11.12;600;10.84;2.61;51.68;ESTAVEL;2023-02-16 18:00:00;stocks;10.84;2.61;10.84;2.61
1676638800000;CEBR6.SA;11.04;11.04;11.04;11.04;11.04;100;10.84;1.85;47.34;ESTAVEL;2023-02-17 13:00:00;stocks;10.84;1.85;10.84;1.85
1676642400000;CEBR6.SA;11.13;11.14;11.13;11.14;11.14;200;10.84;2.75;52.69;ESTAVEL;2023-02-17 14:00:00;stocks;10.84;2.75;10.84;2.75
1676646000000;CEBR6.SA;11.14;11.14;11.13;11.13;11.13;700;10.84;2.63;52.12;ESTAVEL;2023-02-17 15:00:00;stocks;10.84;2.63;10.84;2.63
1676649600000;CEBR6.SA;11.14;11.14;11.04;11.04;11.04;700;10.85;1.78;47.17;ESTAVEL;2023-02-17 16:00:00;stocks;10.85;1.78;10.85;1.78
1676653200000;CEBR6.SA;11.06;11.06;11.05;11.05;11.05;1000;10.85;1.85;47.76;ESTAVEL;2023-02-17 17:00:00;stocks;10.85;1.85;10.85;1.85
1676656800000;CEBR6.SA;11.03;11.03;11.0;11.0;11.0;1500;10.85;1.38;45.04;ESTAVEL;2023-02-17 18:00:00;stocks;10.85;1.38;10.85;1.38
1676660400000;CEBR6.SA;11.0;11.0;11.0;11.0;11.0;100;10.85;1.36;45.04;ESTAVEL;2023-02-17 19:00:00;stocks;10.85;1.36;10.85;1.36
1677081600000;CEBR6.SA;11.11;11.11;11.11;11.11;11.11;200;10.85;2.35;52.02;ESTAVEL;2023-02-22 16:00:00;stocks;10.85;2.35;10.85;2.35
1677088800000;CEBR6.SA;11.12;11.12;11.12;11.12;11.12;100;10.86;2.42;52.61;ESTAVEL;2023-02-22 18:00:00;stocks;10.86;2.42;10.86;2.42
1677092400000;CEBR6.SA;11.12;11.12;11.12;11.12;11.12;300;10.86;2.4;52.61;ESTAVEL;2023-02-22 19:00:00;stocks;10.86;2.4;10.86;2.4
1677160800000;CEBR6.SA;11.13;11.13;11.13;11.13;11.13;0;10.86;2.46;53.28;ESTAVEL;2023-02-23 14:00:00;stocks;10.86;2.46;10.86;2.46
1677164400000;CEBR6.SA;11.1;11.1;11.1;11.1;11.1;500;10.86;2.16;50.96;ESTAVEL;2023-02-23 15:00:00;stocks;10.86;2.16;10.86;2.16
1677168000000;CEBR6.SA;11.1;11.1;11.1;11.1;11.1;200;10.87;2.14;50.96;ESTAVEL;2023-02-23 16:00:00;stocks;10.87;2.14;10.87;2.14
1677171600000;CEBR6.SA;11.1;11.1;11.09;11.09;11.09;200;10.87;2.03;50.12;ESTAVEL;2023-02-23 17:00:00;stocks;10.87;2.03;10.87;2.03
1677175200000;CEBR6.SA;11.04;11.04;11.01;11.01;11.01;2000;10.87;1.28;43.88;ESTAVEL;2023-02-23 18:00:00;stocks;10.87;1.28;10.87;1.28
1677178800000;CEBR6.SA;11.01;11.01;11.0;11.0;11.0;300;10.87;1.18;43.16;ESTAVEL;2023-02-23 19:00:00;stocks;10.87;1.18;10.87;1.18
1677243600000;CEBR6.SA;11.03;11.03;11.03;11.03;11.03;100;10.87;1.44;46.03;ESTAVEL;2023-02-24 13:00:00;stocks;10.87;1.44;10.87;1.44
1677247200000;CEBR6.SA;11.09;11.1;11.09;11.1;11.1;1700;10.88;2.06;52.12;ESTAVEL;2023-02-24 14:00:00;stocks;10.88;2.06;10.88;2.06
1677250800000;CEBR6.SA;11.09;11.1;11.09;11.1;11.1;300;10.88;2.04;52.12;ESTAVEL;2023-02-24 15:00:00;stocks;10.88;2.04;10.88;2.04
1677261600000;CEBR6.SA;11.09;11.09;11.02;11.02;11.02;300;10.88;1.29;45.34;ESTAVEL;2023-02-24 18:00:00;stocks;10.88;1.29;10.88;1.29
1677265200000;CEBR6.SA;11.02;11.02;11.02;11.02;11.02;500;10.88;1.28;45.34;ESTAVEL;2023-02-24 19:00:00;stocks;10.88;1.28;10.88;1.28
1677502800000;CEBR6.SA;11.04;11.07;11.04;11.07;11.07;0;10.88;1.72;50.05;ESTAVEL;2023-02-27 13:00:00;stocks;10.88;1.72;10.88;1.72
1677506400000;CEBR6.SA;11.07;11.14;11.07;11.14;11.14;0;10.89;2.34;55.79;ESTAVEL;2023-02-27 14:00:00;stocks;10.89;2.34;10.89;2.34
1677510000000;CEBR6.SA;11.07;11.07;11.02;11.02;11.02;1600;10.89;1.22;46.02;ESTAVEL;2023-02-27 15:00:00;stocks;10.89;1.22;10.89;1.22
1677517200000;CEBR6.SA;11.02;11.02;11.02;11.02;11.02;100;10.89;1.21;46.02;ESTAVEL;2023-02-27 17:00:00;stocks;10.89;1.21;10.89;1.21
1677520800000;CEBR6.SA;11.02;11.12;11.02;11.12;11.12;200;10.89;2.11;53.83;ESTAVEL;2023-02-27 18:00:00;stocks;10.89;2.11;10.89;2.11
1677524400000;CEBR6.SA;11.02;11.02;11.02;11.02;11.02;400;10.89;1.18;46.58;ESTAVEL;2023-02-27 19:00:00;stocks;10.89;1.18;10.89;1.18
1677589200000;CEBR6.SA;11.05;11.11;11.05;11.11;11.11;0;10.89;1.98;52.75;ESTAVEL;2023-02-28 13:00:00;stocks;10.89;1.98;10.89;1.98
1677592800000;CEBR6.SA;11.05;11.05;11.04;11.04;11.04;900;10.9;1.33;48.09;ESTAVEL;2023-02-28 14:00:00;stocks;10.9;1.33;10.9;1.33
1677596400000;CEBR6.SA;11.04;11.04;11.04;11.04;11.04;300;10.9;1.32;48.09;ESTAVEL;2023-02-28 15:00:00;stocks;10.9;1.32;10.9;1.32
1677600000000;CEBR6.SA;11.04;11.04;11.04;11.04;11.04;400;10.9;1.3;48.09;ESTAVEL;2023-02-28 16:00:00;stocks;10.9;1.3;10.9;1.3
1677603600000;CEBR6.SA;11.04;11.08;11.04;11.08;11.08;400;10.9;1.65;51.17;ESTAVEL;2023-02-28 17:00:00;stocks;10.9;1.65;10.9;1.65
1677607200000;CEBR6.SA;11.08;11.08;11.08;11.08;11.08;900;10.9;1.64;51.17;ESTAVEL;2023-02-28 18:00:00;stocks;10.9;1.64;10.9;1.64
1677610800000;CEBR6.SA;11.08;11.15;11.08;11.15;11.15;700;10.9;2.25;56.41;ESTAVEL;2023-02-28 19:00:00;stocks;10.9;2.25;10.9;2.25
1677675600000;CEBR6.SA;11.11;11.11;11.1;11.1;11.1;0;10.91;1.78;52.11;ESTAVEL;2023-03-01 13:00:00;stocks;10.91;1.78;10.91;1.78
1677679200000;CEBR6.SA;11.1;11.1;11.09;11.09;11.09;2700;10.91;1.67;51.27;ESTAVEL;2023-03-01 14:00:00;stocks;10.91;1.67;10.91;1.67
1677682800000;CEBR6.SA;11.09;11.14;11.09;11.09;11.09;700;10.91;1.65;51.27;ESTAVEL;2023-03-01 15:00:00;stocks;10.91;1.65;10.91;1.65
1677686400000;CEBR6.SA;11.14;11.15;11.14;11.15;11.15;2700;10.91;2.18;56.19;ESTAVEL;2023-03-01 16:00:00;stocks;10.91;2.18;10.91;2.18
1677690000000;CEBR6.SA;11.16;11.16;11.16;11.16;11.16;600;10.91;2.25;56.98;ESTAVEL;2023-03-01 17:00:00;stocks;10.91;2.25;10.91;2.25
1677693600000;CEBR6.SA;11.11;11.11;11.11;11.11;11.11;900;10.92;1.77;51.99;ESTAVEL;2023-03-01 18:00:00;stocks;10.92;1.77;10.92;1.77
1677697200000;CEBR6.SA;11.13;11.13;11.12;11.12;11.12;400;10.92;1.84;52.87;ESTAVEL;2023-03-01 19:00:00;stocks;10.92;1.84;10.92;1.84
1677762000000;CEBR6.SA;11.1;11.1;11.05;11.05;11.05;0;10.92;1.19;46.4;ESTAVEL;2023-03-02 13:00:00;stocks;10.92;1.19;10.92;1.19
1677765600000;CEBR6.SA;11.1;11.1;11.06;11.06;11.06;3400;10.92;1.27;47.39;ESTAVEL;2023-03-02 14:00:00;stocks;10.92;1.27;10.92;1.27
1677769200000;CEBR6.SA;11.12;11.12;11.06;11.06;11.06;1500;10.92;1.26;47.39;ESTAVEL;2023-03-02 15:00:00;stocks;10.92;1.26;10.92;1.26
1677776400000;CEBR6.SA;11.08;11.11;11.08;11.11;11.11;400;10.92;1.7;52.49;ESTAVEL;2023-03-02 17:00:00;stocks;10.92;1.7;10.92;1.7
1677780000000;CEBR6.SA;11.05;11.05;11.05;11.05;11.05;300;10.93;1.14;46.65;ESTAVEL;2023-03-02 18:00:00;stocks;10.93;1.14;10.93;1.14
1677848400000;CEBR6.SA;11.2;11.2;11.2;11.2;11.2;0;10.93;2.48;58.94;ESTAVEL;2023-03-03 13:00:00;stocks;10.93;2.48;10.93;2.48
1677855600000;CEBR6.SA;11.07;11.14;11.07;11.14;11.14;500;10.93;1.92;53.62;ESTAVEL;2023-03-03 15:00:00;stocks;10.93;1.92;10.93;1.92
1677859200000;CEBR6.SA;11.14;11.14;11.14;11.14;11.14;200;10.93;1.9;53.62;ESTAVEL;2023-03-03 16:00:00;stocks;10.93;1.9;10.93;1.9
1677866400000;CEBR6.SA;11.14;11.14;11.14;11.14;11.14;400;10.93;1.88;53.62;ESTAVEL;2023-03-03 18:00:00;stocks;10.93;1.88;10.93;1.88
1677870000000;CEBR6.SA;11.12;11.14;11.12;11.14;11.14;1000;10.94;1.86;53.62;ESTAVEL;2023-03-03 19:00:00;stocks;10.94;1.86;10.94;1.86
1678111200000;CEBR6.SA;11.12;11.12;11.08;11.08;11.08;300;10.94;1.3;47.81;ESTAVEL;2023-03-06 14:00:00;stocks;10.94;1.3;10.94;1.3
1678114800000;CEBR6.SA;11.08;11.08;11.08;11.08;11.08;100;10.94;1.28;47.81;ESTAVEL;2023-03-06 15:00:00;stocks;10.94;1.28;10.94;1.28
1678122000000;CEBR6.SA;11.08;11.08;11.08;11.08;11.08;700;10.94;1.27;47.81;ESTAVEL;2023-03-06 17:00:00;stocks;10.94;1.27;10.94;1.27
1678129200000;CEBR6.SA;11.13;11.14;11.13;11.14;11.14;300;10.94;1.8;54.03;ESTAVEL;2023-03-06 19:00:00;stocks;10.94;1.8;10.94;1.8
1678197600000;CEBR6.SA;11.14;11.14;11.09;11.09;11.09;0;10.94;1.33;48.81;ESTAVEL;2023-03-07 14:00:00;stocks;10.94;1.33;10.94;1.33
1678201200000;CEBR6.SA;11.13;11.14;11.06;11.06;11.06;1600;10.95;1.04;45.94;ESTAVEL;2023-03-07 15:00:00;stocks;10.95;1.04;10.95;1.04
1678204800000;CEBR6.SA;11.06;11.13;11.06;11.13;11.13;0;10.95;1.67;52.9;ESTAVEL;2023-03-07 16:00:00;stocks;10.95;1.67;10.95;1.67
1678208400000;CEBR6.SA;11.07;11.07;11.05;11.05;11.05;5300;10.95;0.93;45.67;ESTAVEL;2023-03-07 17:00:00;stocks;10.95;0.93;10.95;0.93
1678215600000;CEBR6.SA;11.08;11.08;11.05;11.05;11.05;1400;10.95;0.92;45.67;ESTAVEL;2023-03-07 19:00:00;stocks;10.95;0.92;10.95;0.92
1678280400000;CEBR6.SA;11.14;11.14;11.14;11.14;11.14;0;10.95;1.72;53.89;ESTAVEL;2023-03-08 13:00:00;stocks;10.95;1.72;10.95;1.72
1678284000000;CEBR6.SA;11.06;11.06;11.06;11.06;11.06;100;10.95;0.98;47.07;ESTAVEL;2023-03-08 14:00:00;stocks;10.95;0.98;10.95;0.98
1678287600000;CEBR6.SA;11.06;11.1;11.06;11.1;11.1;3900;10.95;1.33;50.45;ESTAVEL;2023-03-08 15:00:00;stocks;10.95;1.33;10.95;1.33
1678294800000;CEBR6.SA;11.1;11.14;11.1;11.14;11.14;1300;10.96;1.68;53.63;ESTAVEL;2023-03-08 17:00:00;stocks;10.96;1.68;10.96;1.68
1678298400000;CEBR6.SA;11.14;11.14;11.14;11.14;11.14;300;10.96;1.66;53.63;ESTAVEL;2023-03-08 18:00:00;stocks;10.96;1.66;10.96;1.66
1678302000000;CEBR6.SA;11.14;11.14;11.14;11.14;11.14;100;10.96;1.65;53.63;ESTAVEL;2023-03-08 19:00:00;stocks;10.96;1.65;10.96;1.65
1678366800000;CEBR6.SA;11.15;11.15;11.15;11.15;11.15;0;10.96;1.72;54.55;ESTAVEL;2023-03-09 13:00:00;stocks;10.96;1.72;10.96;1.72
1678370400000;CEBR6.SA;11.11;11.15;11.11;11.15;11.15;1700;10.96;1.7;54.55;ESTAVEL;2023-03-09 14:00:00;stocks;10.96;1.7;10.96;1.7
1678374000000;CEBR6.SA;11.15;11.15;11.15;11.15;11.15;1500;10.97;1.69;54.55;ESTAVEL;2023-03-09 15:00:00;stocks;10.97;1.69;10.97;1.69
1678377600000;CEBR6.SA;11.11;11.11;11.09;11.09;11.09;300;10.97;1.13;47.54;ESTAVEL;2023-03-09 16:00:00;stocks;10.97;1.13;10.97;1.13
1678388400000;CEBR6.SA;11.15;11.2;11.1;11.1;11.1;2800;10.97;1.21;48.72;ESTAVEL;2023-03-09 19:00:00;stocks;10.97;1.21;10.97;1.21
1678460400000;CEBR6.SA;11.09;11.18;11.09;11.09;11.09;300;10.97;1.1;47.56;ESTAVEL;2023-03-10 15:00:00;stocks;10.97;1.1;10.97;1.1
1678464000000;CEBR6.SA;11.15;11.15;11.15;11.15;11.15;400;10.97;1.63;54.53;ESTAVEL;2023-03-10 16:00:00;stocks;10.97;1.63;10.97;1.63
1678467600000;CEBR6.SA;11.15;11.2;11.15;11.2;11.2;1100;10.97;2.07;59.37;ESTAVEL;2023-03-10 17:00:00;stocks;10.97;2.07;10.97;2.07
1678471200000;CEBR6.SA;11.16;11.25;11.16;11.2;11.2;12500;10.98;2.05;59.37;ESTAVEL;2023-03-10 18:00:00;stocks;10.98;2.05;10.98;2.05
1678474800000;CEBR6.SA;11.2;11.2;11.2;11.2;11.2;10000;10.98;2.03;59.37;ESTAVEL;2023-03-10 19:00:00;stocks;10.98;2.03;10.98;2.03
1678712400000;CEBR6.SA;11.28;11.3;11.28;11.3;11.3;0;10.98;2.91;67.91;ESTAVEL;2023-03-13 13:00:00;stocks;10.98;2.91;10.98;2.91
1678716000000;CEBR6.SA;11.16;11.28;11.09;11.26;11.26;1100;10.98;2.52;62.27;ESTAVEL;2023-03-13 14:00:00;stocks;10.98;2.52;10.98;2.52
1678719600000;CEBR6.SA;11.25;11.25;10.9;10.96;10.96;4200;10.98;-0.21;37.28;ESTAVEL;2023-03-13 15:00:00;stocks;10.98;-0.21;10.98;-0.21
1678723200000;CEBR6.SA;10.99;10.99;10.99;10.99;10.99;200;10.98;0.06;39.88;ESTAVEL;2023-03-13 16:00:00;stocks;10.98;0.06;10.98;0.06
1678726800000;CEBR6.SA;10.99;10.99;10.99;10.99;10.99;100;10.98;0.06;39.88;ESTAVEL;2023-03-13 17:00:00;stocks;10.98;0.06;10.98;0.06
1678734000000;CEBR6.SA;11.01;11.15;11.01;11.15;11.15;800;10.98;1.5;52.14;ESTAVEL;2023-03-13 19:00:00;stocks;10.98;1.5;10.98;1.5
1678798800000;CEBR6.SA;11.15;11.35;11.15;11.15;11.15;0;10.99;1.49;52.14;ESTAVEL;2023-03-14 13:00:00;stocks;10.99;1.49;10.99;1.49
1678802400000;CEBR6.SA;11.16;11.16;11.16;11.16;11.16;100;10.99;1.56;52.84;ESTAVEL;2023-03-14 14:00:00;stocks;10.99;1.56;10.99;1.56
1678809600000;CEBR6.SA;11.2;11.2;11.19;11.2;11.2;500;10.99;1.91;55.62;ESTAVEL;2023-03-14 16:00:00;stocks;10.99;1.91;10.99;1.91
1678813200000;CEBR6.SA;11.18;11.2;11.18;11.2;11.2;200;10.99;1.89;55.62;ESTAVEL;2023-03-14 17:00:00;stocks;10.99;1.89;10.99;1.89
1678816800000;CEBR6.SA;11.29;11.3;11.29;11.3;11.3;2000;11.0;2.77;62.11;ESTAVEL;2023-03-14 18:00:00;stocks;11.0;2.77;11.0;2.77
1678820400000;CEBR6.SA;11.29;11.3;11.2;11.3;11.3;0;11.0;2.74;62.11;ESTAVEL;2023-03-14 19:00:00;stocks;11.0;2.74;11.0;2.74
1678885200000;CEBR6.SA;11.11;11.15;11.11;11.15;11.15;200;11.0;1.36;49.52;ESTAVEL;2023-03-15 13:00:00;stocks;11.0;1.36;11.0;1.36
1678888800000;CEBR6.SA;11.06;11.15;11.06;11.1;11.1;1400;11.0;0.9;46.16;ESTAVEL;2023-03-15 14:00:00;stocks;11.0;0.9;11.0;0.9
1678892400000;CEBR6.SA;11.19;11.2;11.19;11.2;11.2;9800;11.0;1.79;53.02;ESTAVEL;2023-03-15 15:00:00;stocks;11.0;1.79;11.0;1.79
1678896000000;CEBR6.SA;11.21;11.29;11.21;11.29;11.29;1600;11.01;2.58;58.19;ESTAVEL;2023-03-15 16:00:00;stocks;11.01;2.58;11.01;2.58
1678899600000;CEBR6.SA;11.25;11.25;11.25;11.25;11.25;100;11.01;2.19;55.28;ESTAVEL;2023-03-15 17:00:00;stocks;11.01;2.19;11.01;2.19
1678903200000;CEBR6.SA;11.28;11.29;11.28;11.29;11.29;300;11.01;2.53;57.57;ESTAVEL;2023-03-15 18:00:00;stocks;11.01;2.53;11.01;2.53
1678906800000;CEBR6.SA;11.3;11.3;11.29;11.3;11.3;4300;11.01;2.6;58.14;ESTAVEL;2023-03-15 19:00:00;stocks;11.01;2.6;11.01;2.6
1678971600000;CEBR6.SA;11.3;11.3;11.25;11.25;11.25;0;11.02;2.12;54.18;ESTAVEL;2023-03-16 13:00:00;stocks;11.02;2.12;11.02;2.12
1678975200000;CEBR6.SA;11.25;11.25;11.25;11.25;11.25;700;11.02;2.1;54.18;ESTAVEL;2023-03-16 14:00:00;stocks;11.02;2.1;11.02;2.1
1678978800000;CEBR6.SA;11.3;11.3;11.3;11.3;11.3;100;11.02;2.53;57.54;ESTAVEL;2023-03-16 15:00:00;stocks;11.02;2.53;11.02;2.53
1678982400000;CEBR6.SA;11.29;11.29;11.29;11.29;11.29;100;11.02;2.41;56.64;ESTAVEL;2023-03-16 16:00:00;stocks;11.02;2.41;11.02;2.41
1678986000000;CEBR6.SA;11.29;11.29;11.29;11.29;11.29;200;11.03;2.39;56.64;ESTAVEL;2023-03-16 17:00:00;stocks;11.03;2.39;11.03;2.39
1678989600000;CEBR6.SA;11.28;11.28;11.28;11.28;11.28;300;11.03;2.27;55.64;ESTAVEL;2023-03-16 18:00:00;stocks;11.03;2.27;11.03;2.27
1678993200000;CEBR6.SA;11.28;11.3;11.28;11.3;11.3;2500;11.03;2.43;57.27;ESTAVEL;2023-03-16 19:00:00;stocks;11.03;2.43;11.03;2.43
1679061600000;CEBR6.SA;11.25;11.25;11.19;11.25;11.25;2300;11.03;1.96;52.12;ESTAVEL;2023-03-17 14:00:00;stocks;11.03;1.96;11.03;1.96
1679065200000;CEBR6.SA;11.28;11.28;11.28;11.28;11.28;1400;11.04;2.2;54.75;ESTAVEL;2023-03-17 15:00:00;stocks;11.04;2.2;11.04;2.2
1679072400000;CEBR6.SA;11.25;11.28;11.25;11.28;11.28;400;11.04;2.18;54.75;ESTAVEL;2023-03-17 17:00:00;stocks;11.04;2.18;11.04;2.18
1679076000000;CEBR6.SA;11.28;11.28;11.25;11.25;11.25;800;11.04;1.89;51.47;ESTAVEL;2023-03-17 18:00:00;stocks;11.04;1.89;11.04;1.89
1679079600000;CEBR6.SA;11.29;11.3;11.29;11.3;11.3;300;11.04;2.32;56.18;ESTAVEL;2023-03-17 19:00:00;stocks;11.04;2.32;11.04;2.32
1679317200000;CEBR6.SA;11.29;11.29;11.29;11.29;11.29;0;11.05;2.21;55.03;ESTAVEL;2023-03-20 13:00:00;stocks;11.05;2.21;11.05;2.21
1679320800000;CEBR6.SA;11.29;11.29;11.25;11.25;11.25;600;11.05;1.83;50.57;ESTAVEL;2023-03-20 14:00:00;stocks;11.05;1.83;11.05;1.83
1679324400000;CEBR6.SA;11.26;11.3;11.25;11.3;11.3;11300;11.05;2.26;55.43;ESTAVEL;2023-03-20 15:00:00;stocks;11.05;2.26;11.05;2.26
1679328000000;CEBR6.SA;11.33;11.33;11.28;11.28;11.28;4500;11.05;2.05;53.18;ESTAVEL;2023-03-20 16:00:00;stocks;11.05;2.05;11.05;2.05
1679331600000;CEBR6.SA;11.29;11.29;11.28;11.28;11.28;900;11.06;2.03;53.18;ESTAVEL;2023-03-20 17:00:00;stocks;11.06;2.03;11.06;2.03
1679335200000;CEBR6.SA;11.28;11.28;11.27;11.27;11.27;1600;11.06;1.92;51.95;ESTAVEL;2023-03-20 18:00:00;stocks;11.06;1.92;11.06;1.92
1679338800000;CEBR6.SA;11.27;11.31;11.27;11.31;11.31;600;11.06;2.26;56.29;ESTAVEL;2023-03-20 19:00:00;stocks;11.06;2.26;11.06;2.26
1679403600000;CEBR6.SA;11.31;11.31;11.21;11.21;11.21;0;11.06;1.34;45.29;ESTAVEL;2023-03-21 13:00:00;stocks;11.06;1.34;11.06;1.34
1679407200000;CEBR6.SA;11.24;11.24;11.24;11.24;11.24;200;11.06;1.6;48.54;ESTAVEL;2023-03-21 14:00:00;stocks;11.06;1.6;11.06;1.6
1679410800000;CEBR6.SA;11.24;11.29;11.24;11.29;11.29;400;11.07;2.03;53.5;ESTAVEL;2023-03-21 15:00:00;stocks;11.07;2.03;11.07;2.03
1679414400000;CEBR6.SA;11.25;11.3;11.24;11.3;11.3;400;11.07;2.1;54.44;ESTAVEL;2023-03-21 16:00:00;stocks;11.07;2.1;11.07;2.1
1679418000000;CEBR6.SA;11.25;11.25;11.25;11.25;11.25;200;11.07;1.63;49.07;ESTAVEL;2023-03-21 17:00:00;stocks;11.07;1.63;11.07;1.63
1679421600000;CEBR6.SA;11.25;11.25;11.25;11.25;11.25;200;11.07;1.61;49.07;ESTAVEL;2023-03-21 18:00:00;stocks;11.07;1.61;11.07;1.61
1679425200000;CEBR6.SA;11.25;11.3;11.25;11.3;11.3;200;11.07;2.04;54.3;ESTAVEL;2023-03-21 19:00:00;stocks;11.07;2.04;11.07;2.04
1679490000000;CEBR6.SA;11.3;11.3;11.3;11.3;11.3;0;11.08;2.02;54.3;ESTAVEL;2023-03-22 13:00:00;stocks;11.08;2.02;11.08;2.02
1679493600000;CEBR6.SA;11.27;11.27;11.25;11.25;11.25;5100;11.08;1.56;48.52;ESTAVEL;2023-03-22 14:00:00;stocks;11.08;1.56;11.08;1.56
1679497200000;CEBR6.SA;11.29;11.3;11.27;11.27;11.27;1600;11.08;1.72;50.78;ESTAVEL;2023-03-22 15:00:00;stocks;11.08;1.72;11.08;1.72
1679500800000;CEBR6.SA;11.31;11.33;11.29;11.29;11.29;1900;11.08;1.88;53.0;ESTAVEL;2023-03-22 16:00:00;stocks;11.08;1.88;11.08;1.88
1679504400000;CEBR6.SA;11.33;11.33;11.29;11.29;11.29;1200;11.08;1.86;53.0;ESTAVEL;2023-03-22 17:00:00;stocks;11.08;1.86;11.08;1.86
1679508000000;CEBR6.SA;11.29;11.29;11.29;11.29;11.29;300;11.09;1.84;53.0;ESTAVEL;2023-03-22 18:00:00;stocks;11.09;1.84;11.09;1.84
1679511600000;CEBR6.SA;11.3;11.3;11.29;11.29;11.29;0;11.09;1.82;53.0;ESTAVEL;2023-03-22 19:00:00;stocks;11.09;1.82;11.09;1.82
1679576400000;CEBR6.SA;11.29;11.29;11.28;11.28;11.28;200;11.09;1.72;51.44;ESTAVEL;2023-03-23 13:00:00;stocks;11.09;1.72;11.09;1.72
1679580000000;CEBR6.SA;11.28;11.29;11.28;11.29;11.29;700;11.09;1.79;52.93;ESTAVEL;2023-03-23 14:00:00;stocks;11.09;1.79;11.09;1.79
1679583600000;CEBR6.SA;11.25;11.35;11.25;11.31;11.31;12200;11.09;1.95;55.85;ESTAVEL;2023-03-23 15:00:00;stocks;11.09;1.95;11.09;1.95
1679587200000;CEBR6.SA;11.34;11.34;11.34;11.34;11.34;1000;11.1;2.2;59.87;ESTAVEL;2023-03-23 16:00:00;stocks;11.1;2.2;11.1;2.2
1679594400000;CEBR6.SA;11.3;11.3;11.25;11.26;11.26;2500;11.1;1.46;47.46;ESTAVEL;2023-03-23 18:00:00;stocks;11.1;1.46;11.1;1.46
1679598000000;CEBR6.SA;11.34;11.34;11.34;11.34;11.34;100;11.1;2.16;57.05;ESTAVEL;2023-03-23 19:00:00;stocks;11.1;2.16;11.1;2.16
1679666400000;CEBR6.SA;11.27;11.34;11.27;11.34;11.34;3800;11.1;2.14;57.05;ESTAVEL;2023-03-24 14:00:00;stocks;11.1;2.14;11.1;2.14
1679673600000;CEBR6.SA;11.28;11.34;11.28;11.34;11.34;400;11.11;2.11;57.05;ESTAVEL;2023-03-24 16:00:00;stocks;11.11;2.11;11.11;2.11
1679677200000;CEBR6.SA;11.28;11.34;11.2;11.2;11.2;6400;11.11;0.85;40.78;ESTAVEL;2023-03-24 17:00:00;stocks;11.11;0.85;11.11;0.85
1679680800000;CEBR6.SA;11.29;11.35;11.29;11.35;11.35;0;11.11;2.17;55.44;ESTAVEL;2023-03-24 18:00:00;stocks;11.11;2.17;11.11;2.17
1679684400000;CEBR6.SA;11.27;11.34;11.26;11.34;11.34;17200;11.11;2.06;54.47;ESTAVEL;2023-03-24 19:00:00;stocks;11.11;2.06;11.11;2.06
1679922000000;CEBR6.SA;11.63;13.5;11.63;12.45;12.45;10900;11.12;11.92;85.26;CAIR;2023-03-27 13:00:00;stocks;11.12;11.92;11.12;11.92
1679925600000;CEBR6.SA;12.97;13.0;12.4;12.69;12.69;5900;11.14;13.92;87.26;CAIR;2023-03-27 14:00:00;stocks;11.14;13.92;11.14;13.92
1679929200000;CEBR6.SA;12.64;12.92;12.64;12.92;12.92;12300;11.16;15.8;88.83;CAIR;2023-03-27 15:00:00;stocks;11.16;15.8;11.16;15.8
1679932800000;CEBR6.SA;12.81;12.89;12.75;12.75;12.75;16900;11.17;14.11;80.9;CAIR;2023-03-27 16:00:00;stocks;11.17;14.11;11.17;14.11
1679936400000;CEBR6.SA;12.75;12.75;12.75;12.75;12.75;400;11.19;13.95;80.9;CAIR;2023-03-27 17:00:00;stocks;11.19;13.95;11.19;13.95
1679940000000;CEBR6.SA;12.76;12.89;12.76;12.84;12.84;7300;11.21;14.59;81.89;CAIR;2023-03-27 18:00:00;stocks;11.21;14.59;11.21;14.59
1679943600000;CEBR6.SA;12.84;12.85;12.76;12.84;12.84;6100;11.22;14.42;81.89;CAIR;2023-03-27 19:00:00;stocks;11.22;14.42;11.22;14.42
1680008400000;CEBR6.SA;12.71;12.75;12.61;12.61;12.61;0;11.24;12.23;70.97;CAIR;2023-03-28 13:00:00;stocks;11.24;12.23;11.24;12.23
1680012000000;CEBR6.SA;12.66;12.74;12.66;12.74;12.74;0;11.25;13.24;73.15;CAIR;2023-03-28 14:00:00;stocks;11.25;13.24;11.25;13.24
1680015600000;CEBR6.SA;12.71;12.73;12.6;12.73;12.73;8800;11.27;13.0;72.7;CAIR;2023-03-28 15:00:00;stocks;11.27;13.0;11.27;13.0
1680019200000;CEBR6.SA;12.73;12.79;12.61;12.79;12.79;3500;11.28;13.38;73.75;CAIR;2023-03-28 16:00:00;stocks;11.28;13.38;11.28;13.38
1680022800000;CEBR6.SA;12.75;12.79;12.61;12.79;12.79;2200;11.3;13.23;73.75;CAIR;2023-03-28 17:00:00;stocks;11.3;13.23;11.3;13.23
1680026400000;CEBR6.SA;12.63;12.78;12.63;12.63;12.63;1400;11.31;11.68;65.91;ESTAVEL;2023-03-28 18:00:00;stocks;11.31;11.68;11.31;11.68
1680030000000;CEBR6.SA;12.79;12.79;12.75;12.79;12.79;1600;11.32;12.95;69.41;ESTAVEL;2023-03-28 19:00:00;stocks;11.32;12.95;11.32;12.95
1680094800000;CEBR6.SA;12.8;12.8;12.64;12.75;12.75;0;11.34;12.46;67.54;ESTAVEL;2023-03-29 13:00:00;stocks;11.34;12.46;11.34;12.46
1680098400000;CEBR6.SA;12.7;12.8;12.7;12.75;12.75;5800;11.35;12.32;67.54;ESTAVEL;2023-03-29 14:00:00;stocks;11.35;12.32;11.35;12.32
1680102000000;CEBR6.SA;12.75;12.8;12.75;12.76;12.76;13000;11.37;12.27;67.8;ESTAVEL;2023-03-29 15:00:00;stocks;11.37;12.27;11.37;12.27
1680105600000;CEBR6.SA;12.76;12.79;12.75;12.79;12.79;400;11.38;12.39;68.58;ESTAVEL;2023-03-29 16:00:00;stocks;11.38;12.39;11.38;12.39
1680109200000;CEBR6.SA;12.75;12.8;12.74;12.8;12.8;1400;11.39;12.34;68.85;ESTAVEL;2023-03-29 17:00:00;stocks;11.39;12.34;11.39;12.34
1680112800000;CEBR6.SA;12.61;12.7;12.61;12.7;12.7;300;11.41;11.34;62.97;ESTAVEL;2023-03-29 18:00:00;stocks;11.41;11.34;11.41;11.34
1680116400000;CEBR6.SA;12.62;12.78;12.6;12.78;12.78;500;11.42;11.9;65.51;ESTAVEL;2023-03-29 19:00:00;stocks;11.42;11.9;11.42;11.9
1680184800000;CEBR6.SA;12.65;12.65;12.65;12.65;12.65;0;11.43;10.65;58.49;ESTAVEL;2023-03-30 14:00:00;stocks;11.43;10.65;11.43;10.65
1680188400000;CEBR6.SA;12.66;12.8;12.65;12.8;12.8;3700;11.45;11.83;63.37;ESTAVEL;2023-03-30 15:00:00;stocks;11.45;11.83;11.45;11.83
1680192000000;CEBR6.SA;12.8;12.8;12.79;12.8;12.8;1900;11.46;11.69;63.37;ESTAVEL;2023-03-30 16:00:00;stocks;11.46;11.69;11.46;11.69
1680195600000;CEBR6.SA;12.84;12.85;12.84;12.85;12.85;0;11.47;11.99;64.96;ESTAVEL;2023-03-30 17:00:00;stocks;11.47;11.99;11.47;11.99
1680199200000;CEBR6.SA;12.85;12.9;12.85;12.9;12.9;4300;11.49;12.29;66.53;ESTAVEL;2023-03-30 18:00:00;stocks;11.49;12.29;11.49;12.29
1680202800000;CEBR6.SA;12.85;12.85;12.85;12.85;12.85;0;11.5;11.72;63.47;ESTAVEL;2023-03-30 19:00:00;stocks;11.5;11.72;11.5;11.72
1680267600000;CEBR6.SA;12.85;13.12;12.85;13.12;13.12;0;11.52;13.91;71.17;CAIR;2023-03-31 13:00:00;stocks;11.52;13.91;11.52;13.91
1680271200000;CEBR6.SA;13.13;13.33;13.13;13.3;13.3;17400;11.54;15.3;74.96;CAIR;2023-03-31 14:00:00;stocks;11.54;15.3;11.54;15.3
1680274800000;CEBR6.SA;13.21;13.33;13.2;13.33;13.33;4800;11.55;15.38;75.54;CAIR;2023-03-31 15:00:00;stocks;11.55;15.38;11.55;15.38
1680278400000;CEBR6.SA;13.33;13.33;13.32;13.33;13.33;2000;11.57;15.2;75.54;CAIR;2023-03-31 16:00:00;stocks;11.57;15.2;11.57;15.2
1680282000000;CEBR6.SA;13.17;13.48;13.17;13.24;13.24;2800;11.59;14.26;69.93;ESTAVEL;2023-03-31 17:00:00;stocks;11.59;14.26;11.59;14.26
1680285600000;CEBR6.SA;13.4;13.4;13.3;13.3;13.3;300;11.6;14.61;71.45;CAIR;2023-03-31 18:00:00;stocks;11.6;14.61;11.6;14.61
1680289200000;CEBR6.SA;13.29;13.39;13.29;13.39;13.39;2900;11.62;15.21;73.61;CAIR;2023-03-31 19:00:00;stocks;11.62;15.21;11.62;15.21
1680526800000;CEBR6.SA;13.25;13.25;13.2;13.2;13.2;0;11.64;13.42;62.82;ESTAVEL;2023-04-03 13:00:00;stocks;11.64;13.42;11.64;13.42
1680530400000;CEBR6.SA;13.25;13.25;13.25;13.25;13.25;2300;11.65;13.69;64.3;ESTAVEL;2023-04-03 14:00:00;stocks;11.65;13.69;11.65;13.69
1680534000000;CEBR6.SA;13.37;13.38;13.37;13.38;13.38;200;11.67;14.64;67.89;ESTAVEL;2023-04-03 15:00:00;stocks;11.67;14.64;11.67;14.64
1680537600000;CEBR6.SA;13.29;13.3;13.29;13.3;13.3;1700;11.69;13.8;63.65;ESTAVEL;2023-04-03 16:00:00;stocks;11.69;13.8;11.69;13.8
1680541200000;CEBR6.SA;13.37;13.37;13.37;13.37;13.37;0;11.7;14.23;65.67;ESTAVEL;2023-04-03 17:00:00;stocks;11.7;14.23;11.7;14.23
1680544800000;CEBR6.SA;13.31;13.31;13.31;13.31;13.31;200;11.72;13.57;62.46;ESTAVEL;2023-04-03 18:00:00;stocks;11.72;13.57;11.72;13.57
1680548400000;CEBR6.SA;13.31;13.37;13.31;13.37;13.37;200;11.74;13.92;64.34;ESTAVEL;2023-04-03 19:00:00;stocks;11.74;13.92;11.74;13.92
1680613200000;CEBR6.SA;13.48;13.5;13.36;13.47;13.47;100;11.75;14.6;67.27;ESTAVEL;2023-04-04 13:00:00;stocks;11.75;14.6;11.75;14.6
1680616800000;CEBR6.SA;13.47;13.47;13.46;13.47;13.47;1200;11.77;14.44;67.27;ESTAVEL;2023-04-04 14:00:00;stocks;11.77;14.44;11.77;14.44
1680620400000;CEBR6.SA;13.41;13.41;13.25;13.25;13.25;1600;11.79;12.43;55.6;ESTAVEL;2023-04-04 15:00:00;stocks;11.79;12.43;11.79;12.43
1680624000000;CEBR6.SA;13.26;13.48;13.25;13.48;13.48;2600;11.8;14.21;62.86;ESTAVEL;2023-04-04 16:00:00;stocks;11.8;14.21;11.8;14.21
1680627600000;CEBR6.SA;13.42;13.47;13.42;13.47;13.47;600;11.82;13.97;62.38;ESTAVEL;2023-04-04 17:00:00;stocks;11.82;13.97;11.82;13.97
1680631200000;CEBR6.SA;13.45;13.45;13.45;13.45;13.45;100;11.84;13.64;61.38;ESTAVEL;2023-04-04 18:00:00;stocks;11.84;13.64;11.84;13.64
1680634800000;CEBR6.SA;13.49;13.5;13.45;13.5;13.5;1800;11.85;13.91;62.98;ESTAVEL;2023-04-04 19:00:00;stocks;11.85;13.91;11.85;13.91
1680699600000;CEBR6.SA;13.5;13.5;13.5;13.5;13.5;0;11.87;13.75;62.98;ESTAVEL;2023-04-05 13:00:00;stocks;11.87;13.75;11.87;13.75
1680703200000;CEBR6.SA;13.34;13.34;13.18;13.18;13.18;2900;11.88;10.93;48.15;ESTAVEL;2023-04-05 14:00:00;stocks;11.88;10.93;11.88;10.93
1680706800000;CEBR6.SA;13.3;13.31;13.3;13.31;13.31;1100;11.9;11.89;52.99;ESTAVEL;2023-04-05 15:00:00;stocks;11.9;11.89;11.9;11.89
1680710400000;CEBR6.SA;13.46;13.5;13.46;13.5;13.5;3100;11.91;13.34;59.02;ESTAVEL;2023-04-05 16:00:00;stocks;11.91;13.34;11.91;13.34
1680714000000;CEBR6.SA;13.48;13.5;13.41;13.41;13.41;900;11.93;12.44;55.39;ESTAVEL;2023-04-05 17:00:00;stocks;11.93;12.44;11.93;12.44
1680717600000;CEBR6.SA;13.41;13.41;13.41;13.41;13.41;200;11.94;12.3;55.39;ESTAVEL;2023-04-05 18:00:00;stocks;11.94;12.3;11.94;12.3
1680721200000;CEBR6.SA;13.49;13.5;13.49;13.5;13.5;1400;11.96;12.91;58.36;ESTAVEL;2023-04-05 19:00:00;stocks;11.96;12.91;11.96;12.91
1680786000000;CEBR6.SA;13.6;13.9;13.41;13.42;13.42;0;11.97;12.1;54.87;ESTAVEL;2023-04-06 13:00:00;stocks;11.97;12.1;11.97;12.1
1680789600000;CEBR6.SA;13.7;13.7;13.41;13.41;13.41;2600;11.99;11.88;54.43;ESTAVEL;2023-04-06 14:00:00;stocks;11.99;11.88;11.99;11.88
1680793200000;CEBR6.SA;13.41;13.5;13.4;13.4;13.4;6400;12.0;11.67;53.97;ESTAVEL;2023-04-06 15:00:00;stocks;12.0;11.67;12.0;11.67
1680796800000;CEBR6.SA;13.59;13.59;13.43;13.43;13.43;0;12.01;11.79;55.2;ESTAVEL;2023-04-06 16:00:00;stocks;12.01;11.79;12.01;11.79
1680800400000;CEBR6.SA;13.61;13.61;13.5;13.6;13.6;24600;12.03;13.05;61.5;ESTAVEL;2023-04-06 17:00:00;stocks;12.03;13.05;12.03;13.05
1680804000000;CEBR6.SA;13.59;13.64;13.5;13.62;13.62;3800;12.05;13.07;62.17;ESTAVEL;2023-04-06 18:00:00;stocks;12.05;13.07;12.05;13.07
1680807600000;CEBR6.SA;13.6;13.69;13.53;13.68;13.68;10300;12.06;13.42;64.2;ESTAVEL;2023-04-06 19:00:00;stocks;12.06;13.42;12.06;13.42
1681131600000;CEBR6.SA;13.68;13.7;13.47;13.5;13.5;0;12.08;11.79;54.73;ESTAVEL;2023-04-10 13:00:00;stocks;12.08;11.79;12.08;11.79
1681135200000;CEBR6.SA;13.56;13.58;13.51;13.51;13.51;1000;12.09;11.74;55.13;ESTAVEL;2023-04-10 14:00:00;stocks;12.09;11.74;12.09;11.74
1681138800000;CEBR6.SA;13.59;13.59;13.59;13.59;13.59;200;12.11;12.27;58.27;ESTAVEL;2023-04-10 15:00:00;stocks;12.11;12.27;12.11;12.27
1681142400000;CEBR6.SA;13.59;13.63;13.59;13.62;13.62;2900;12.12;12.37;59.42;ESTAVEL;2023-04-10 16:00:00;stocks;12.12;12.37;12.12;12.37
1681146000000;CEBR6.SA;13.62;13.65;13.62;13.65;13.65;1300;12.14;12.48;60.59;ESTAVEL;2023-04-10 17:00:00;stocks;12.14;12.48;12.14;12.48
1681149600000;CEBR6.SA;13.63;13.63;13.62;13.63;13.63;1100;12.15;12.18;59.36;ESTAVEL;2023-04-10 18:00:00;stocks;12.15;12.18;12.15;12.18
1681153200000;CEBR6.SA;13.62;13.62;13.53;13.53;13.53;4100;12.16;11.23;53.53;ESTAVEL;2023-04-10 19:00:00;stocks;12.16;11.23;12.16;11.23
1681218000000;CEBR6.SA;13.54;13.76;13.54;13.6;13.6;0;12.18;11.67;56.73;ESTAVEL;2023-04-11 13:00:00;stocks;12.18;11.67;12.18;11.67
1681221600000;CEBR6.SA;13.6;13.69;13.58;13.69;13.69;7400;12.19;12.27;60.51;ESTAVEL;2023-04-11 14:00:00;stocks;12.19;12.27;12.19;12.27
1681225200000;CEBR6.SA;13.57;13.57;13.57;13.57;13.57;200;12.21;11.16;53.77;ESTAVEL;2023-04-11 15:00:00;stocks;12.21;11.16;12.21;11.16
1681228800000;CEBR6.SA;13.58;13.67;13.58;13.67;13.67;300;12.22;11.85;57.97;ESTAVEL;2023-04-11 16:00:00;stocks;12.22;11.85;12.22;11.85
1681232400000;CEBR6.SA;13.67;13.85;13.67;13.8;13.8;10800;12.24;12.77;62.71;ESTAVEL;2023-04-11 17:00:00;stocks;12.24;12.77;12.24;12.77
1681236000000;CEBR6.SA;13.8;13.8;13.77;13.77;13.77;1100;12.25;12.38;61.0;ESTAVEL;2023-04-11 18:00:00;stocks;12.25;12.38;12.25;12.38
1681239600000;CEBR6.SA;13.79;13.8;13.79;13.8;13.8;800;12.27;12.49;62.11;ESTAVEL;2023-04-11 19:00:00;stocks;12.27;12.49;12.27;12.49
1681304400000;CEBR6.SA;13.61;13.79;13.61;13.79;13.79;0;12.28;12.27;61.48;ESTAVEL;2023-04-12 13:00:00;stocks;12.28;12.27;12.28;12.27
1681308000000;CEBR6.SA;13.79;13.84;13.76;13.8;13.8;13500;12.3;12.21;61.9;ESTAVEL;2023-04-12 14:00:00;stocks;12.3;12.21;12.3;12.21
1681311600000;CEBR6.SA;13.79;13.81;13.74;13.74;13.74;1900;12.31;11.59;57.86;ESTAVEL;2023-04-12 15:00:00;stocks;12.31;11.59;12.31;11.59
1681315200000;CEBR6.SA;13.75;13.78;13.66;13.66;13.66;500;12.33;10.82;52.91;ESTAVEL;2023-04-12 16:00:00;stocks;12.33;10.82;12.33;10.82
1681318800000;CEBR6.SA;13.76;13.76;13.76;13.76;13.76;2100;12.34;11.5;57.77;ESTAVEL;2023-04-12 17:00:00;stocks;12.34;11.5;12.34;11.5
1681322400000;CEBR6.SA;13.76;13.8;13.76;13.8;13.8;4300;12.35;11.7;59.57;ESTAVEL;2023-04-12 18:00:00;stocks;12.35;11.7;12.35;11.7
1681326000000;CEBR6.SA;13.8;13.8;13.71;13.79;13.79;0;12.37;11.49;58.9;ESTAVEL;2023-04-12 19:00:00;stocks;12.37;11.49;12.37;11.49
1681390800000;CEBR6.SA;13.71;13.75;13.57;13.74;13.74;0;12.38;10.96;55.51;ESTAVEL;2023-04-13 13:00:00;stocks;12.38;10.96;12.38;10.96
1681394400000;CEBR6.SA;13.73;13.73;13.73;13.73;13.73;0;12.4;10.76;54.83;ESTAVEL;2023-04-13 14:00:00;stocks;12.4;10.76;12.4;10.76
1681398000000;CEBR6.SA;13.7;13.7;13.65;13.7;13.7;9400;12.41;10.4;52.74;ESTAVEL;2023-04-13 15:00:00;stocks;12.41;10.4;12.41;10.4
1681401600000;CEBR6.SA;13.74;14.5;13.74;14.0;14.0;32300;12.42;12.68;66.48;ESTAVEL;2023-04-13 16:00:00;stocks;12.42;12.68;12.42;12.68
1681405200000;CEBR6.SA;14.07;14.07;13.91;13.91;13.91;1100;12.44;11.82;60.77;ESTAVEL;2023-04-13 17:00:00;stocks;12.44;11.82;12.44;11.82
1681408800000;CEBR6.SA;14.09;14.1;14.09;14.1;14.1;2400;12.46;13.2;67.18;ESTAVEL;2023-04-13 18:00:00;stocks;12.46;13.2;12.46;13.2
1681412400000;CEBR6.SA;14.09;14.09;14.03;14.03;14.03;500;12.47;12.49;63.09;ESTAVEL;2023-04-13 19:00:00;stocks;12.47;12.49;12.47;12.49
1681477200000;CEBR6.SA;14.0;14.0;13.91;13.91;13.91;0;12.49;11.4;56.72;ESTAVEL;2023-04-14 13:00:00;stocks;12.49;11.4;12.49;11.4
1681480800000;CEBR6.SA;13.95;13.95;13.94;13.94;13.94;400;12.5;11.51;57.86;ESTAVEL;2023-04-14 14:00:00;stocks;12.5;11.51;12.5;11.51
1681484400000;CEBR6.SA;13.97;14.01;13.97;13.97;13.97;500;12.52;11.62;59.03;ESTAVEL;2023-04-14 15:00:00;stocks;12.52;11.62;12.52;11.62
1681488000000;CEBR6.SA;14.05;14.07;14.05;14.07;14.07;600;12.53;12.28;62.74;ESTAVEL;2023-04-14 16:00:00;stocks;12.53;12.28;12.53;12.28
1681491600000;CEBR6.SA;14.01;14.01;13.91;13.95;13.95;7100;12.54;11.2;56.17;ESTAVEL;2023-04-14 17:00:00;stocks;12.54;11.2;12.54;11.2
1681495200000;CEBR6.SA;14.07;14.1;13.89;13.91;13.91;11900;12.56;10.76;54.14;ESTAVEL;2023-04-14 18:00:00;stocks;12.56;10.76;12.56;10.76
1681498800000;CEBR6.SA;13.93;14.06;13.9;13.9;13.9;600;12.57;10.56;53.61;ESTAVEL;2023-04-14 19:00:00;stocks;12.57;10.56;12.57;10.56
1681736400000;CEBR6.SA;13.91;14.04;13.9;14.04;14.04;0;12.59;11.55;59.51;ESTAVEL;2023-04-17 13:00:00;stocks;12.59;11.55;12.59;11.55
1681740000000;CEBR6.SA;14.03;14.07;14.0;14.07;14.07;1400;12.6;11.66;60.66;ESTAVEL;2023-04-17 14:00:00;stocks;12.6;11.66;12.6;11.66
1681743600000;CEBR6.SA;14.06;14.06;14.06;14.06;14.06;900;12.62;11.45;60.05;ESTAVEL;2023-04-17 15:00:00;stocks;12.62;11.45;12.62;11.45
1681747200000;CEBR6.SA;14.06;14.06;14.06;14.06;14.06;600;12.63;11.32;60.05;ESTAVEL;2023-04-17 16:00:00;stocks;12.63;11.32;12.63;11.32
1681750800000;CEBR6.SA;14.04;14.04;14.04;14.04;14.04;400;12.64;11.04;58.67;ESTAVEL;2023-04-17 17:00:00;stocks;12.64;11.04;12.64;11.04
1681758000000;CEBR6.SA;14.07;14.1;14.01;14.1;14.1;6600;12.66;11.39;61.52;ESTAVEL;2023-04-17 19:00:00;stocks;12.66;11.39;12.66;11.39
1681822800000;CEBR6.SA;14.39;14.41;14.1;14.19;14.19;0;12.67;11.96;65.38;ESTAVEL;2023-04-18 13:00:00;stocks;12.67;11.96;12.67;11.96
1681826400000;CEBR6.SA;14.12;14.18;14.06;14.18;14.18;6000;12.69;11.75;64.61;ESTAVEL;2023-04-18 14:00:00;stocks;12.69;11.75;12.69;11.75
1681830000000;CEBR6.SA;14.18;14.18;14.1;14.1;14.1;500;12.7;11.0;58.62;ESTAVEL;2023-04-18 15:00:00;stocks;12.7;11.0;12.7;11.0
1681833600000;CEBR6.SA;14.14;14.14;14.08;14.08;14.08;1200;12.72;10.72;57.19;ESTAVEL;2023-04-18 16:00:00;stocks;12.72;10.72;12.72;10.72
1681837200000;CEBR6.SA;14.08;14.08;14.06;14.06;14.06;400;12.73;10.45;55.73;ESTAVEL;2023-04-18 17:00:00;stocks;12.73;10.45;12.73;10.45
1681844400000;CEBR6.SA;14.1;14.1;14.06;14.1;14.1;2500;12.74;10.64;58.04;ESTAVEL;2023-04-18 19:00:00;stocks;12.74;10.64;12.74;10.64
1681912800000;CEBR6.SA;14.09;14.09;14.09;14.09;14.09;0;12.76;10.45;57.23;ESTAVEL;2023-04-19 14:00:00;stocks;12.76;10.45;12.76;10.45
1681916400000;CEBR6.SA;14.08;14.09;14.08;14.08;14.08;1400;12.77;10.26;56.39;ESTAVEL;2023-04-19 15:00:00;stocks;12.77;10.26;12.77;10.26
1681920000000;CEBR6.SA;14.02;14.08;14.01;14.08;14.08;3200;12.78;10.14;56.39;ESTAVEL;2023-04-19 16:00:00;stocks;12.78;10.14;12.78;10.14
1681923600000;CEBR6.SA;14.08;14.08;14.08;14.08;14.08;200;12.8;10.03;56.39;ESTAVEL;2023-04-19 17:00:00;stocks;12.8;10.03;12.8;10.03
1681927200000;CEBR6.SA;14.03;14.04;14.03;14.04;14.04;200;12.81;9.62;52.54;ESTAVEL;2023-04-19 18:00:00;stocks;12.81;9.62;12.81;9.62
1681930800000;CEBR6.SA;14.09;14.1;14.03;14.03;14.03;3600;12.82;9.43;51.59;ESTAVEL;2023-04-19 19:00:00;stocks;12.82;9.43;12.82;9.43
1681995600000;CEBR6.SA;14.1;14.39;14.1;14.39;14.39;0;12.84;12.1;71.54;CAIR;2023-04-20 13:00:00;stocks;12.84;12.1;12.84;12.1
1681999200000;CEBR6.SA;14.1;14.1;14.1;14.1;14.1;500;12.85;9.74;52.7;ESTAVEL;2023-04-20 14:00:00;stocks;12.85;9.74;12.85;9.74
1682002800000;CEBR6.SA;14.1;14.1;14.1;14.1;14.1;100;12.86;9.63;52.7;ESTAVEL;2023-04-20 15:00:00;stocks;12.86;9.63;12.86;9.63
1682006400000;CEBR6.SA;14.1;14.18;14.1;14.18;14.18;4300;12.87;10.14;56.37;ESTAVEL;2023-04-20 16:00:00;stocks;12.87;10.14;12.87;10.14
1682010000000;CEBR6.SA;14.12;14.12;14.12;14.12;14.12;200;12.89;9.57;53.04;ESTAVEL;2023-04-20 17:00:00;stocks;12.89;9.57;12.89;9.57
1682013600000;CEBR6.SA;14.12;14.12;14.12;14.12;14.12;300;12.9;9.47;53.04;ESTAVEL;2023-04-20 18:00:00;stocks;12.9;9.47;12.9;9.47
1682017200000;CEBR6.SA;14.1;14.1;14.06;14.1;14.1;5000;12.91;9.21;51.86;ESTAVEL;2023-04-20 19:00:00;stocks;12.91;9.21;12.91;9.21
1682341200000;CEBR6.SA;14.01;14.01;14.0;14.0;14.0;0;12.92;8.34;46.29;ESTAVEL;2023-04-24 13:00:00;stocks;12.92;8.34;12.92;8.34
1682344800000;CEBR6.SA;14.0;14.09;14.0;14.0;14.0;5900;12.93;8.25;46.29;ESTAVEL;2023-04-24 14:00:00;stocks;12.93;8.25;12.93;8.25
1682348400000;CEBR6.SA;14.04;14.04;13.96;13.96;13.96;600;12.94;7.86;44.1;ESTAVEL;2023-04-24 15:00:00;stocks;12.94;7.86;12.94;7.86
1682352000000;CEBR6.SA;14.09;14.1;13.98;13.98;13.98;3500;12.95;7.93;45.49;ESTAVEL;2023-04-24 16:00:00;stocks;12.95;7.93;12.95;7.93
1682355600000;CEBR6.SA;14.05;14.1;14.05;14.1;14.1;1500;12.96;8.76;53.05;ESTAVEL;2023-04-24 17:00:00;stocks;12.96;8.76;12.96;8.76
1682359200000;CEBR6.SA;14.05;14.05;14.05;14.05;14.05;100;12.98;8.28;49.94;ESTAVEL;2023-04-24 18:00:00;stocks;12.98;8.28;12.98;8.28
1682362800000;CEBR6.SA;14.05;14.1;14.05;14.1;14.1;2700;12.99;8.57;52.91;ESTAVEL;2023-04-24 19:00:00;stocks;12.99;8.57;12.99;8.57
1682427600000;CEBR6.SA;14.07;14.08;13.96;14.08;14.08;0;13.0;8.33;51.59;ESTAVEL;2023-04-25 13:00:00;stocks;13.0;8.33;13.0;8.33
1682431200000;CEBR6.SA;14.08;14.17;14.08;14.15;14.15;3800;13.01;8.77;55.75;ESTAVEL;2023-04-25 14:00:00;stocks;13.01;8.77;13.01;8.77
1682434800000;CEBR6.SA;14.09;14.15;14.09;14.15;14.15;5000;13.02;8.68;55.75;ESTAVEL;2023-04-25 15:00:00;stocks;13.02;8.68;13.02;8.68
1682438400000;CEBR6.SA;14.12;14.16;14.1;14.1;14.1;13300;13.03;8.2;52.05;ESTAVEL;2023-04-25 16:00:00;stocks;13.03;8.2;13.03;8.2
1682442000000;CEBR6.SA;14.06;14.06;13.96;14.05;14.05;3800;13.04;7.74;48.57;ESTAVEL;2023-04-25 17:00:00;stocks;13.04;7.74;13.04;7.74
1682445600000;CEBR6.SA;14.05;14.05;14.05;14.05;14.05;2200;13.05;7.65;48.57;ESTAVEL;2023-04-25 18:00:00;stocks;13.05;7.65;13.05;7.65
1682449200000;CEBR6.SA;14.05;14.1;14.04;14.1;14.1;8000;13.06;7.95;52.27;ESTAVEL;2023-04-25 19:00:00;stocks;13.06;7.95;13.06;7.95
1682514000000;CEBR6.SA;14.1;14.1;14.0;14.0;14.0;0;13.07;7.11;45.26;ESTAVEL;2023-04-26 13:00:00;stocks;13.07;7.11;13.07;7.11
1682517600000;CEBR6.SA;14.0;14.09;14.0;14.09;14.09;1200;13.08;7.71;51.55;ESTAVEL;2023-04-26 14:00:00;stocks;13.08;7.71;13.08;7.71
1682521200000;CEBR6.SA;14.09;14.1;14.0;14.1;14.1;9500;13.09;7.71;52.21;ESTAVEL;2023-04-26 15:00:00;stocks;13.09;7.71;13.09;7.71
1682524800000;CEBR6.SA;14.0;14.12;13.97;14.0;14.0;9000;13.1;6.87;45.56;ESTAVEL;2023-04-26 16:00:00;stocks;13.1;6.87;13.1;6.87
1682528400000;CEBR6.SA;14.11;14.12;14.0;14.0;14.0;700;13.11;6.8;45.56;ESTAVEL;2023-04-26 17:00:00;stocks;13.11;6.8;13.11;6.8
1682532000000;CEBR6.SA;13.97;14.09;13.97;13.97;13.97;1500;13.12;6.5;43.62;ESTAVEL;2023-04-26 18:00:00;stocks;13.12;6.5;13.12;6.5
1682535600000;CEBR6.SA;14.09;14.09;13.97;13.97;13.97;800;13.13;6.43;43.62;ESTAVEL;2023-04-26 19:00:00;stocks;13.13;6.43;13.13;6.43
1682600400000;CEBR6.SA;13.96;13.96;13.65;13.79;13.79;0;13.13;5.0;33.67;ESTAVEL;2023-04-27 13:00:00;stocks;13.13;5.0;13.13;5.0
1682604000000;CEBR6.SA;13.79;13.97;13.77;13.97;13.97;5400;13.14;6.31;46.75;ESTAVEL;2023-04-27 14:00:00;stocks;13.14;6.31;13.14;6.31
1682607600000;CEBR6.SA;13.8;13.8;13.8;13.8;13.8;900;13.15;4.96;38.94;ESTAVEL;2023-04-27 15:00:00;stocks;13.15;4.96;13.15;4.96
1682611200000;CEBR6.SA;13.85;13.85;13.65;13.82;13.82;2800;13.15;5.06;40.21;ESTAVEL;2023-04-27 16:00:00;stocks;13.15;5.06;13.15;5.06
1682614800000;CEBR6.SA;13.99;13.99;13.99;13.99;13.99;200;13.16;6.29;49.74;ESTAVEL;2023-04-27 17:00:00;stocks;13.16;6.29;13.16;6.29
1682618400000;CEBR6.SA;13.75;13.86;13.75;13.85;13.85;1100;13.17;5.17;43.58;ESTAVEL;2023-04-27 18:00:00;stocks;13.17;5.17;13.17;5.17
1682622000000;CEBR6.SA;13.74;13.89;13.67;13.67;13.67;2200;13.17;3.76;37.2;ESTAVEL;2023-04-27 19:00:00;stocks;13.17;3.76;13.17;3.76
1682686800000;CEBR6.SA;13.88;13.89;12.9;13.62;13.62;7200;13.18;3.35;35.64;ESTAVEL;2023-04-28 13:00:00;stocks;13.18;3.35;13.18;3.35
1682690400000;CEBR6.SA;13.62;13.83;13.62;13.82;13.82;2500;13.19;4.81;45.49;ESTAVEL;2023-04-28 14:00:00;stocks;13.19;4.81;13.19;4.81
1682694000000;CEBR6.SA;13.82;14.0;13.82;14.0;14.0;500;13.19;6.11;52.53;ESTAVEL;2023-04-28 15:00:00;stocks;13.19;6.11;13.19;6.11
1682697600000;CEBR6.SA;13.71;13.71;13.71;13.71;13.71;400;13.2;3.87;42.91;ESTAVEL;2023-04-28 16:00:00;stocks;13.2;3.87;13.2;3.87
1682701200000;CEBR6.SA;13.72;13.72;13.72;13.72;13.72;100;13.2;3.91;43.3;ESTAVEL;2023-04-28 17:00:00;stocks;13.2;3.91;13.2;3.91
1682704800000;CEBR6.SA;13.74;13.88;13.71;13.88;13.88;1500;13.21;5.07;49.21;ESTAVEL;2023-04-28 18:00:00;stocks;13.21;5.07;13.21;5.07
1682708400000;CEBR6.SA;13.88;13.98;13.88;13.98;13.98;2100;13.22;5.76;52.54;ESTAVEL;2023-04-28 19:00:00;stocks;13.22;5.76;13.22;5.76
1683032400000;CEBR6.SA;14.2;14.75;14.0;14.5;14.5;30800;13.23;9.59;65.29;ESTAVEL;2023-05-02 13:00:00;stocks;13.23;9.59;13.23;9.59
1683036000000;CEBR6.SA;14.43;14.55;14.3;14.41;14.41;25800;13.24;8.82;62.18;ESTAVEL;2023-05-02 14:00:00;stocks;13.24;8.82;13.24;8.82
1683039600000;CEBR6.SA;14.4;14.45;14.3;14.41;14.41;16600;13.25;8.72;62.18;ESTAVEL;2023-05-02 15:00:00;stocks;13.25;8.72;13.25;8.72
1683043200000;CEBR6.SA;14.41;14.44;14.31;14.44;14.44;15300;13.27;8.85;62.86;ESTAVEL;2023-05-02 16:00:00;stocks;13.27;8.85;13.27;8.85
1683046800000;CEBR6.SA;14.37;14.5;14.35;14.47;14.47;31000;13.28;8.98;63.57;ESTAVEL;2023-05-02 17:00:00;stocks;13.28;8.98;13.28;8.98
1683050400000;CEBR6.SA;14.47;14.47;14.45;14.47;14.47;11400;13.29;8.88;63.57;ESTAVEL;2023-05-02 18:00:00;stocks;13.29;8.88;13.29;8.88
1683054000000;CEBR6.SA;14.47;14.55;14.42;14.55;14.55;7100;13.3;9.38;65.6;ESTAVEL;2023-05-02 19:00:00;stocks;13.3;9.38;13.3;9.38
1683118800000;CEBR6.SA;12.79;12.79;11.9;12.07;12.07;0;13.29;-9.18;22.91;SUBIR;2023-05-03 13:00:00;stocks;13.29;-9.18;13.29;-9.18
1683122400000;CEBR6.SA;12.02;12.15;11.96;12.12;12.12;5300;13.28;-8.72;23.98;SUBIR;2023-05-03 14:00:00;stocks;13.28;-8.72;13.28;-8.72
1683126000000;CEBR6.SA;12.15;12.15;11.9;12.04;12.04;7600;13.27;-9.24;23.42;SUBIR;2023-05-03 15:00:00;stocks;13.27;-9.24;13.27;-9.24
1683129600000;CEBR6.SA;12.0;12.08;12.0;12.08;12.08;900;13.25;-8.86;24.38;SUBIR;2023-05-03 16:00:00;stocks;13.25;-8.86;13.25;-8.86
1683133200000;CEBR6.SA;12.03;12.05;12.0;12.0;12.0;1500;13.24;-9.38;23.74;SUBIR;2023-05-03 17:00:00;stocks;13.24;-9.38;13.24;-9.38
1683136800000;CEBR6.SA;12.0;12.04;12.0;12.04;12.04;200;13.23;-8.99;24.8;SUBIR;2023-05-03 18:00:00;stocks;13.23;-8.99;13.23;-8.99
1683140400000;CEBR6.SA;12.04;14.41;11.91;14.41;14.41;9400;13.24;8.82;60.13;ESTAVEL;2023-05-03 19:00:00;stocks;13.24;8.82;13.24;8.82
1683205200000;CEBR6.SA;11.8;12.14;11.8;12.14;12.14;0;13.23;-8.24;40.5;ESTAVEL;2023-05-04 13:00:00;stocks;13.23;-8.24;13.23;-8.24
1683208800000;CEBR6.SA;12.0;12.0;11.92;11.92;11.92;300;13.22;-9.82;39.17;ESTAVEL;2023-05-04 14:00:00;stocks;13.22;-9.82;13.22;-9.82
1683212400000;CEBR6.SA;12.0;12.0;11.8;11.89;11.89;4000;13.2;-9.95;38.98;ESTAVEL;2023-05-04 15:00:00;stocks;13.2;-9.95;13.2;-9.95
1683216000000;CEBR6.SA;11.92;11.92;11.92;11.92;11.92;1100;13.19;-9.64;39.29;ESTAVEL;2023-05-04 16:00:00;stocks;13.19;-9.64;13.19;-9.64
1683219600000;CEBR6.SA;11.91;11.92;11.91;11.92;11.92;0;13.18;-9.55;39.29;ESTAVEL;2023-05-04 17:00:00;stocks;13.18;-9.55;13.18;-9.55
1683223200000;CEBR6.SA;11.92;11.92;11.92;11.92;11.92;10600;13.17;-9.47;39.29;ESTAVEL;2023-05-04 18:00:00;stocks;13.17;-9.47;13.17;-9.47
1683226800000;CEBR6.SA;11.93;11.93;11.88;11.88;11.88;1100;13.15;-9.68;38.96;ESTAVEL;2023-05-04 19:00:00;stocks;13.15;-9.68;13.15;-9.68
1683291600000;CEBR6.SA;11.87;11.98;11.78;11.87;11.87;0;13.14;-9.67;38.87;ESTAVEL;2023-05-05 13:00:00;stocks;13.14;-9.67;13.14;-9.67
1683295200000;CEBR6.SA;11.86;12.03;11.85;12.03;12.03;7600;13.13;-8.38;41.19;ESTAVEL;2023-05-05 14:00:00;stocks;13.13;-8.38;13.13;-8.38
1683298800000;CEBR6.SA;11.86;12.09;11.86;11.95;11.95;2000;13.12;-8.9;40.36;ESTAVEL;2023-05-05 15:00:00;stocks;13.12;-8.9;13.12;-8.9
1683306000000;CEBR6.SA;11.96;12.06;11.95;12.06;12.06;400;13.11;-7.99;42.08;ESTAVEL;2023-05-05 17:00:00;stocks;13.11;-7.99;13.11;-7.99
1683309600000;CEBR6.SA;12.09;12.09;12.02;12.02;12.02;200;13.1;-8.22;41.61;ESTAVEL;2023-05-05 18:00:00;stocks;13.1;-8.22;13.1;-8.22
1683313200000;CEBR6.SA;12.14;12.14;12.14;12.14;12.14;1500;13.09;-7.24;43.64;ESTAVEL;2023-05-05 19:00:00;stocks;13.09;-7.24;13.09;-7.24
1683550800000;CEBR6.SA;12.4;12.48;12.16;12.3;12.3;0;13.08;-5.96;46.32;ESTAVEL;2023-05-08 13:00:00;stocks;13.08;-5.96;13.08;-5.96
1683554400000;CEBR6.SA;12.21;12.46;12.21;12.46;12.46;3500;13.07;-4.69;48.93;ESTAVEL;2023-05-08 14:00:00;stocks;13.07;-4.69;13.07;-4.69
1683558000000;CEBR6.SA;12.43;12.43;12.43;12.43;12.43;100;13.07;-4.87;48.46;ESTAVEL;2023-05-08 15:00:00;stocks;13.07;-4.87;13.07;-4.87
1683561600000;CEBR6.SA;12.39;12.39;12.28;12.28;12.28;3900;13.06;-5.97;46.04;ESTAVEL;2023-05-08 16:00:00;stocks;13.06;-5.97;13.06;-5.97
1683565200000;CEBR6.SA;12.27;12.35;12.12;12.35;12.35;3900;13.05;-5.38;47.36;ESTAVEL;2023-05-08 17:00:00;stocks;13.05;-5.38;13.05;-5.38
1683572400000;CEBR6.SA;12.34;12.34;12.21;12.21;12.21;1000;13.04;-6.39;44.99;ESTAVEL;2023-05-08 19:00:00;stocks;13.04;-6.39;13.04;-6.39
1683637200000;CEBR6.SA;12.42;12.6;12.42;12.52;12.52;0;13.04;-3.98;50.85;ESTAVEL;2023-05-09 13:00:00;stocks;13.04;-3.98;13.04;-3.98
1683640800000;CEBR6.SA;12.46;12.46;12.46;12.46;12.46;300;13.03;-4.39;49.75;ESTAVEL;2023-05-09 14:00:00;stocks;13.03;-4.39;13.03;-4.39
1683644400000;CEBR6.SA;12.54;12.55;12.46;12.47;12.47;2800;13.03;-4.28;49.94;ESTAVEL;2023-05-09 15:00:00;stocks;13.03;-4.28;13.03;-4.28
1683648000000;CEBR6.SA;12.55;12.85;12.55;12.71;12.71;17000;13.02;-2.41;54.51;ESTAVEL;2023-05-09 16:00:00;stocks;13.02;-2.41;13.02;-2.41
1683651600000;CEBR6.SA;12.84;12.85;12.84;12.85;12.85;1900;13.02;-1.32;56.97;ESTAVEL;2023-05-09 17:00:00;stocks;13.02;-1.32;13.02;-1.32
1683655200000;CEBR6.SA;12.85;12.85;12.75;12.75;12.75;2000;13.02;-2.07;54.69;ESTAVEL;2023-05-09 18:00:00;stocks;13.02;-2.07;13.02;-2.07
1683658800000;CEBR6.SA;12.85;12.85;12.8;12.8;12.8;1800;13.02;-1.67;55.65;ESTAVEL;2023-05-09 19:00:00;stocks;13.02;-1.67;13.02;-1.67
1683723600000;CEBR6.SA;12.97;12.97;12.7;12.84;12.84;0;13.02;-1.35;56.44;ESTAVEL;2023-05-10 13:00:00;stocks;13.02;-1.35;13.02;-1.35
1683730800000;CEBR6.SA;12.79;12.79;12.79;12.79;12.79;200;13.01;-1.72;55.12;ESTAVEL;2023-05-10 15:00:00;stocks;13.01;-1.72;13.01;-1.72
1683734400000;CEBR6.SA;12.79;12.79;12.79;12.79;12.79;200;13.01;-1.7;55.12;ESTAVEL;2023-05-10 16:00:00;stocks;13.01;-1.7;13.01;-1.7
1683738000000;CEBR6.SA;12.71;12.71;12.71;12.71;12.71;100;13.01;-2.29;52.82;ESTAVEL;2023-05-10 17:00:00;stocks;13.01;-2.29;13.01;-2.29
1683741600000;CEBR6.SA;12.75;12.75;12.75;12.75;12.75;100;13.01;-1.96;53.85;ESTAVEL;2023-05-10 18:00:00;stocks;13.01;-1.96;13.01;-1.96
1683745200000;CEBR6.SA;12.77;12.78;12.7;12.7;12.7;600;13.0;-2.33;52.31;ESTAVEL;2023-05-10 19:00:00;stocks;13.0;-2.33;13.0;-2.33
1683810000000;CEBR6.SA;12.7;12.7;12.58;12.58;12.58;0;13.0;-3.22;48.69;ESTAVEL;2023-05-11 13:00:00;stocks;13.0;-3.22;13.0;-3.22
1683813600000;CEBR6.SA;12.61;12.61;12.61;12.61;12.61;100;12.99;-2.96;49.63;ESTAVEL;2023-05-11 14:00:00;stocks;12.99;-2.96;12.99;-2.96
1683817200000;CEBR6.SA;12.6;12.61;12.59;12.61;12.61;1200;12.99;-2.93;49.63;ESTAVEL;2023-05-11 15:00:00;stocks;12.99;-2.93;12.99;-2.93
1683820800000;CEBR6.SA;12.61;12.61;12.57;12.61;12.61;4900;12.99;-2.9;49.63;ESTAVEL;2023-05-11 16:00:00;stocks;12.99;-2.9;12.99;-2.9
1683824400000;CEBR6.SA;12.69;12.85;12.6;12.85;12.85;20200;12.99;-1.04;57.4;ESTAVEL;2023-05-11 17:00:00;stocks;12.99;-1.04;12.99;-1.04
1683828000000;CEBR6.SA;12.85;12.9;12.85;12.9;12.9;13800;12.98;-0.65;58.83;ESTAVEL;2023-05-11 18:00:00;stocks;12.98;-0.65;12.98;-0.65
1683831600000;CEBR6.SA;12.9;12.99;12.81;12.99;12.99;5700;12.98;0.04;61.34;ESTAVEL;2023-05-11 19:00:00;stocks;12.98;0.04;12.98;0.04
1683896400000;CEBR6.SA;13.09;13.09;12.78;13.02;13.02;0;12.98;0.27;62.16;ESTAVEL;2023-05-12 13:00:00;stocks;12.98;0.27;12.98;0.27
1683900000000;CEBR6.SA;12.81;13.06;12.81;13.05;13.05;3400;12.99;0.5;63.02;ESTAVEL;2023-05-12 14:00:00;stocks;12.99;0.5;12.99;0.5
1683903600000;CEBR6.SA;13.04;13.07;12.92;13.06;13.06;1800;12.99;0.57;63.31;ESTAVEL;2023-05-12 15:00:00;stocks;12.99;0.57;12.99;0.57
1683907200000;CEBR6.SA;13.06;13.06;13.06;13.06;13.06;200;12.99;0.56;63.31;ESTAVEL;2023-05-12 16:00:00;stocks;12.99;0.56;12.99;0.56
1683910800000;CEBR6.SA;13.01;13.01;12.95;13.0;13.0;1300;12.99;0.1;59.97;ESTAVEL;2023-05-12 17:00:00;stocks;12.99;0.1;12.99;0.1
1683914400000;CEBR6.SA;13.04;13.05;12.92;13.04;13.04;1700;12.99;0.4;61.43;ESTAVEL;2023-05-12 18:00:00;stocks;12.99;0.4;12.99;0.4
1683918000000;CEBR6.SA;13.04;13.04;12.98;12.98;12.98;4400;12.99;-0.06;58.0;ESTAVEL;2023-05-12 19:00:00;stocks;12.99;-0.06;12.99;-0.06
1684155600000;CEBR6.SA;12.86;12.86;12.67;12.7;12.7;0;12.98;-2.19;45.3;ESTAVEL;2023-05-15 13:00:00;stocks;12.98;-2.19;12.98;-2.19
1684159200000;CEBR6.SA;12.73;12.73;12.73;12.73;12.73;300;12.98;-1.94;46.65;ESTAVEL;2023-05-15 14:00:00;stocks;12.98;-1.94;12.98;-1.94
1684162800000;CEBR6.SA;12.8;12.84;12.8;12.84;12.84;700;12.98;-1.09;51.38;ESTAVEL;2023-05-15 15:00:00;stocks;12.98;-1.09;12.98;-1.09
1684166400000;CEBR6.SA;12.84;12.84;12.84;12.84;12.84;500;12.98;-1.07;51.38;ESTAVEL;2023-05-15 16:00:00;stocks;12.98;-1.07;12.98;-1.07
1684170000000;CEBR6.SA;12.84;12.84;12.84;12.84;12.84;800;12.98;-1.06;51.38;ESTAVEL;2023-05-15 17:00:00;stocks;12.98;-1.06;12.98;-1.06
1684173600000;CEBR6.SA;12.83;12.83;12.83;12.83;12.83;0;12.98;-1.13;50.87;ESTAVEL;2023-05-15 18:00:00;stocks;12.98;-1.13;12.98;-1.13
1684177200000;CEBR6.SA;12.83;12.85;12.83;12.85;12.85;5400;12.98;-0.97;51.9;ESTAVEL;2023-05-15 19:00:00;stocks;12.98;-0.97;12.98;-0.97
1684242000000;CEBR6.SA;12.94;12.94;12.78;12.78;12.78;0;12.97;-1.49;48.09;ESTAVEL;2023-05-16 13:00:00;stocks;12.97;-1.49;12.97;-1.49
1684245600000;CEBR6.SA;12.78;12.79;12.77;12.78;12.78;2400;12.97;-1.48;48.09;ESTAVEL;2023-05-16 14:00:00;stocks;12.97;-1.48;12.97;-1.48
1684249200000;CEBR6.SA;12.79;12.79;12.73;12.73;12.73;2000;12.97;-1.84;45.33;ESTAVEL;2023-05-16 15:00:00;stocks;12.97;-1.84;12.97;-1.84
1684252800000;CEBR6.SA;12.73;12.73;12.73;12.73;12.73;200;12.97;-1.83;45.33;ESTAVEL;2023-05-16 16:00:00;stocks;12.97;-1.83;12.97;-1.83
1684256400000;CEBR6.SA;12.79;12.79;12.79;12.79;12.79;1500;12.96;-1.35;49.37;ESTAVEL;2023-05-16 17:00:00;stocks;12.96;-1.35;12.96;-1.35
1684263600000;CEBR6.SA;12.78;12.8;12.73;12.73;12.73;2300;12.96;-1.79;45.73;ESTAVEL;2023-05-16 19:00:00;stocks;12.96;-1.79;12.96;-1.79
1684328400000;CEBR6.SA;12.79;12.8;12.75;12.75;12.75;0;12.96;-1.62;47.13;ESTAVEL;2023-05-17 13:00:00;stocks;12.96;-1.62;12.96;-1.62
1684332000000;CEBR6.SA;12.75;12.75;12.75;12.75;12.75;500;12.96;-1.61;47.13;ESTAVEL;2023-05-17 14:00:00;stocks;12.96;-1.61;12.96;-1.61
1684335600000;CEBR6.SA;12.8;12.8;12.8;12.8;12.8;300;12.96;-1.21;50.81;ESTAVEL;2023-05-17 15:00:00;stocks;12.96;-1.21;12.96;-1.21
1684339200000;CEBR6.SA;12.8;12.8;12.75;12.75;12.75;800;12.95;-1.58;47.27;ESTAVEL;2023-05-17 16:00:00;stocks;12.95;-1.58;12.95;-1.58
1684342800000;CEBR6.SA;12.78;12.8;12.72;12.72;12.72;11600;12.95;-1.79;45.23;ESTAVEL;2023-05-17 17:00:00;stocks;12.95;-1.79;12.95;-1.79
1684346400000;CEBR6.SA;12.75;12.75;12.75;12.75;12.75;500;12.95;-1.55;47.66;ESTAVEL;2023-05-17 18:00:00;stocks;12.95;-1.55;12.95;-1.55
1684350000000;CEBR6.SA;12.75;12.8;12.75;12.8;12.8;700;12.95;-1.15;51.52;ESTAVEL;2023-05-17 19:00:00;stocks;12.95;-1.15;12.95;-1.15
1684414800000;CEBR6.SA;12.73;12.73;12.73;12.73;12.73;0;12.95;-1.67;46.37;ESTAVEL;2023-05-18 13:00:00;stocks;12.95;-1.67;12.95;-1.67
1684418400000;CEBR6.SA;12.73;12.74;12.73;12.74;12.74;1800;12.94;-1.58;47.18;ESTAVEL;2023-05-18 14:00:00;stocks;12.94;-1.58;12.94;-1.58
1684422000000;CEBR6.SA;12.72;12.8;12.72;12.8;12.8;8200;12.94;-1.11;51.89;ESTAVEL;2023-05-18 15:00:00;stocks;12.94;-1.11;12.94;-1.11
1684425600000;CEBR6.SA;12.8;12.8;12.8;12.8;12.8;400;12.94;-1.1;51.89;ESTAVEL;2023-05-18 16:00:00;stocks;12.94;-1.1;12.94;-1.1
1684429200000;CEBR6.SA;12.73;12.79;12.71;12.79;12.79;500;12.94;-1.16;51.01;ESTAVEL;2023-05-18 17:00:00;stocks;12.94;-1.16;12.94;-1.16
1684432800000;CEBR6.SA;12.8;12.8;12.8;12.8;12.8;800;12.94;-1.07;51.89;ESTAVEL;2023-05-18 18:00:00;stocks;12.94;-1.07;12.94;-1.07
1684436400000;CEBR6.SA;12.77;12.8;12.73;12.73;12.73;3000;12.94;-1.6;45.71;ESTAVEL;2023-05-18 19:00:00;stocks;12.94;-1.6;12.94;-1.6
1684501200000;CEBR6.SA;12.7;12.72;12.69;12.72;12.72;0;12.93;-1.66;44.89;ESTAVEL;2023-05-19 13:00:00;stocks;12.93;-1.66;12.93;-1.66
1684504800000;CEBR6.SA;12.67;12.8;12.63;12.8;12.8;5500;12.93;-1.03;52.28;ESTAVEL;2023-05-19 14:00:00;stocks;12.93;-1.03;12.93;-1.03
1684512000000;CEBR6.SA;12.8;12.8;12.8;12.8;12.8;700;12.93;-1.02;52.28;ESTAVEL;2023-05-19 16:00:00;stocks;12.93;-1.02;12.93;-1.02
1684519200000;CEBR6.SA;12.77;12.8;12.77;12.8;12.8;1300;12.93;-1.01;52.28;ESTAVEL;2023-05-19 18:00:00;stocks;12.93;-1.01;12.93;-1.01
1684522800000;CEBR6.SA;12.8;12.8;12.8;12.8;12.8;200;12.93;-1.0;52.28;ESTAVEL;2023-05-19 19:00:00;stocks;12.93;-1.0;12.93;-1.0
1684760400000;CEBR6.SA;12.8;12.8;12.75;12.75;12.75;0;12.93;-1.37;46.98;ESTAVEL;2023-05-22 13:00:00;stocks;12.93;-1.37;12.93;-1.37
1684764000000;CEBR6.SA;12.79;12.79;12.73;12.73;12.73;200;12.93;-1.51;45.02;ESTAVEL;2023-05-22 14:00:00;stocks;12.93;-1.51;12.93;-1.51
1684767600000;CEBR6.SA;12.73;12.73;12.73;12.73;12.73;500;12.92;-1.5;45.02;ESTAVEL;2023-05-22 15:00:00;stocks;12.92;-1.5;12.92;-1.5
1684771200000;CEBR6.SA;12.73;12.8;12.73;12.8;12.8;1900;12.92;-0.95;53.0;ESTAVEL;2023-05-22 16:00:00;stocks;12.92;-0.95;12.92;-0.95
1684774800000;CEBR6.SA;12.8;12.8;12.8;12.8;12.8;1100;12.92;-0.94;53.0;ESTAVEL;2023-05-22 17:00:00;stocks;12.92;-0.94;12.92;-0.94
1684778400000;CEBR6.SA;12.8;12.8;12.78;12.78;12.78;1100;12.92;-1.08;50.57;ESTAVEL;2023-05-22 18:00:00;stocks;12.92;-1.08;12.92;-1.08
1684782000000;CEBR6.SA;12.78;12.78;12.63;12.63;12.63;5500;12.92;-2.22;36.89;ESTAVEL;2023-05-22 19:00:00;stocks;12.92;-2.22;12.92;-2.22
1684846800000;CEBR6.SA;12.61;12.8;12.61;12.8;12.8;0;12.92;-0.9;52.55;ESTAVEL;2023-05-23 13:00:00;stocks;12.92;-0.9;12.92;-0.9
1684854000000;CEBR6.SA;12.71;12.71;12.68;12.68;12.68;800;12.91;-1.81;44.21;ESTAVEL;2023-05-23 15:00:00;stocks;12.91;-1.81;12.91;-1.81
1684857600000;CEBR6.SA;12.71;12.79;12.71;12.79;12.79;200;12.91;-0.95;51.77;ESTAVEL;2023-05-23 16:00:00;stocks;12.91;-0.95;12.91;-0.95
1684861200000;CEBR6.SA;12.79;12.82;12.79;12.82;12.82;3000;12.91;-0.71;53.61;ESTAVEL;2023-05-23 17:00:00;stocks;12.91;-0.71;12.91;-0.71
1684868400000;CEBR6.SA;12.74;12.74;12.74;12.74;12.74;200;12.91;-1.31;48.31;ESTAVEL;2023-05-23 19:00:00;stocks;12.91;-1.31;12.91;-1.31
1684933200000;CEBR6.SA;12.65;12.65;12.6;12.65;12.65;3600;12.91;-1.99;43.13;ESTAVEL;2023-05-24 13:00:00;stocks;12.91;-1.99;12.91;-1.99
1684936800000;CEBR6.SA;12.65;12.65;12.5;12.53;12.53;4900;12.9;-2.89;37.38;ESTAVEL;2023-05-24 14:00:00;stocks;12.9;-2.89;12.9;-2.89
1684940400000;CEBR6.SA;12.65;12.65;12.55;12.55;12.55;1700;12.9;-2.71;38.85;ESTAVEL;2023-05-24 15:00:00;stocks;12.9;-2.71;12.9;-2.71
1684944000000;CEBR6.SA;12.56;12.56;12.56;12.56;12.56;100;12.9;-2.61;39.61;ESTAVEL;2023-05-24 16:00:00;stocks;12.9;-2.61;12.9;-2.61
1684951200000;CEBR6.SA;12.6;12.65;12.6;12.65;12.65;700;12.89;-1.89;46.1;ESTAVEL;2023-05-24 18:00:00;stocks;12.89;-1.89;12.89;-1.89
1684954800000;CEBR6.SA;12.6;12.65;12.55;12.65;12.65;11900;12.89;-1.87;46.1;ESTAVEL;2023-05-24 19:00:00;stocks;12.89;-1.87;12.89;-1.87
1685019600000;CEBR6.SA;12.65;12.65;12.65;12.65;12.65;0;12.89;-1.85;46.1;ESTAVEL;2023-05-25 13:00:00;stocks;12.89;-1.85;12.89;-1.85
1685023200000;CEBR6.SA;12.75;12.75;12.75;12.75;12.75;12000;12.89;-1.07;53.09;ESTAVEL;2023-05-25 14:00:00;stocks;12.89;-1.07;12.89;-1.07
1685030400000;CEBR6.SA;12.67;12.67;12.67;12.67;12.67;100;12.89;-1.67;47.75;ESTAVEL;2023-05-25 16:00:00;stocks;12.89;-1.67;12.89;-1.67
1685034000000;CEBR6.SA;12.75;12.75;12.75;12.75;12.75;100;12.88;-1.04;52.86;ESTAVEL;2023-05-25 17:00:00;stocks;12.88;-1.04;12.88;-1.04
1685041200000;CEBR6.SA;12.75;12.75;12.75;12.75;12.75;300;12.88;-1.03;52.86;ESTAVEL;2023-05-25 19:00:00;stocks;12.88;-1.03;12.88;-1.03
1685106000000;CEBR6.SA;12.38;12.38;12.38;12.38;12.38;0;12.88;-3.87;34.68;ESTAVEL;2023-05-26 13:00:00;stocks;12.88;-3.87;12.88;-3.87
1685109600000;CEBR6.SA;12.53;12.7;12.53;12.7;12.7;3600;12.88;-1.37;50.53;ESTAVEL;2023-05-26 14:00:00;stocks;12.88;-1.37;12.88;-1.37
1685113200000;CEBR6.SA;12.7;12.7;12.7;12.7;12.7;100;12.87;-1.35;50.53;ESTAVEL;2023-05-26 15:00:00;stocks;12.87;-1.35;12.87;-1.35
1685116800000;CEBR6.SA;12.66;12.7;12.65;12.7;12.7;400;12.87;-1.34;50.53;ESTAVEL;2023-05-26 16:00:00;stocks;12.87;-1.34;12.87;-1.34
1685120400000;CEBR6.SA;12.7;12.7;12.7;12.7;12.7;1000;12.87;-1.33;50.53;ESTAVEL;2023-05-26 17:00:00;stocks;12.87;-1.33;12.87;-1.33
1685124000000;CEBR6.SA;12.7;12.7;12.7;12.7;12.7;1200;12.87;-1.31;50.53;ESTAVEL;2023-05-26 18:00:00;stocks;12.87;-1.31;12.87;-1.31
1685127600000;CEBR6.SA;12.7;12.7;12.65;12.7;12.7;700;12.87;-1.3;50.53;ESTAVEL;2023-05-26 19:00:00;stocks;12.87;-1.3;12.87;-1.3
1685365200000;CEBR6.SA;12.69;12.69;12.69;12.69;12.69;0;12.87;-1.37;49.94;ESTAVEL;2023-05-29 13:00:00;stocks;12.87;-1.37;12.87;-1.37
1685368800000;CEBR6.SA;12.69;12.69;12.69;12.69;12.69;100;12.86;-1.35;49.94;ESTAVEL;2023-05-29 14:00:00;stocks;12.86;-1.35;12.86;-1.35
1685372400000;CEBR6.SA;12.69;12.69;12.56;12.56;12.56;500;12.86;-2.34;42.46;ESTAVEL;2023-05-29 15:00:00;stocks;12.86;-2.34;12.86;-2.34
1685376000000;CEBR6.SA;12.75;12.75;12.75;12.75;12.75;300;12.86;-0.85;53.44;ESTAVEL;2023-05-29 16:00:00;stocks;12.86;-0.85;12.86;-0.85
1685379600000;CEBR6.SA;12.61;12.61;12.6;12.6;12.6;400;12.86;-2.0;45.98;ESTAVEL;2023-05-29 17:00:00;stocks;12.86;-2.0;12.86;-2.0
1685383200000;CEBR6.SA;12.72;12.8;12.65;12.8;12.8;1100;12.86;-0.44;55.0;ESTAVEL;2023-05-29 18:00:00;stocks;12.86;-0.44;12.86;-0.44
1685386800000;CEBR6.SA;12.65;12.8;12.65;12.8;12.8;1200;12.86;-0.44;55.0;ESTAVEL;2023-05-29 19:00:00;stocks;12.86;-0.44;12.86;-0.44
1685451600000;CEBR6.SA;12.75;12.75;12.75;12.75;12.75;0;12.86;-0.82;52.46;ESTAVEL;2023-05-30 13:00:00;stocks;12.86;-0.82;12.86;-0.82
1685455200000;CEBR6.SA;12.55;12.55;12.5;12.5;12.5;500;12.85;-2.74;42.01;ESTAVEL;2023-05-30 14:00:00;stocks;12.85;-2.74;12.85;-2.74
1685458800000;CEBR6.SA;12.52;12.79;12.5;12.79;12.79;3300;12.85;-0.47;53.56;ESTAVEL;2023-05-30 15:00:00;stocks;12.85;-0.47;12.85;-0.47
1685462400000;CEBR6.SA;12.73;12.73;12.66;12.67;12.67;600;12.85;-1.39;49.2;ESTAVEL;2023-05-30 16:00:00;stocks;12.85;-1.39;12.85;-1.39
1685469600000;CEBR6.SA;12.7;12.7;12.67;12.67;12.67;1300;12.85;-1.38;49.2;ESTAVEL;2023-05-30 18:00:00;stocks;12.85;-1.38;12.85;-1.38
1685473200000;CEBR6.SA;12.7;12.7;12.7;12.7;12.7;200;12.85;-1.14;50.37;ESTAVEL;2023-05-30 19:00:00;stocks;12.85;-1.14;12.85;-1.14
1685538000000;CEBR6.SA;12.84;12.84;12.68;12.68;12.68;0;12.84;-1.28;49.55;ESTAVEL;2023-05-31 13:00:00;stocks;12.84;-1.28;12.84;-1.28
1685541600000;CEBR6.SA;12.82;12.85;12.7;12.85;12.85;1300;12.84;0.04;56.1;ESTAVEL;2023-05-31 14:00:00;stocks;12.84;0.04;12.84;0.04
1685545200000;CEBR6.SA;12.8;12.84;12.8;12.84;12.84;500;12.84;-0.03;55.64;ESTAVEL;2023-05-31 15:00:00;stocks;12.84;-0.03;12.84;-0.03
1685548800000;CEBR6.SA;12.84;12.84;12.7;12.7;12.7;1200;12.84;-1.11;49.55;ESTAVEL;2023-05-31 16:00:00;stocks;12.84;-1.11;12.84;-1.11
1685552400000;CEBR6.SA;12.7;12.7;12.7;12.7;12.7;1000;12.84;-1.1;49.55;ESTAVEL;2023-05-31 17:00:00;stocks;12.84;-1.1;12.84;-1.1
1685556000000;CEBR6.SA;12.7;12.7;12.7;12.7;12.7;500;12.84;-1.09;49.55;ESTAVEL;2023-05-31 18:00:00;stocks;12.84;-1.09;12.84;-1.09
1685559600000;CEBR6.SA;12.7;12.7;12.65;12.65;12.65;500;12.84;-1.46;47.24;ESTAVEL;2023-05-31 19:00:00;stocks;12.84;-1.46;12.84;-1.46
1685624400000;CEBR6.SA;12.92;12.92;12.74;12.84;12.84;0;12.84;0.01;55.69;ESTAVEL;2023-06-01 13:00:00;stocks;12.84;0.01;12.84;0.01
1685628000000;CEBR6.SA;12.75;12.75;12.75;12.75;12.75;100;12.84;-0.68;51.48;ESTAVEL;2023-06-01 14:00:00;stocks;12.84;-0.68;12.84;-0.68
1685631600000;CEBR6.SA;12.65;12.7;12.6;12.7;12.7;800;12.84;-1.06;49.26;ESTAVEL;2023-06-01 15:00:00;stocks;12.84;-1.06;12.84;-1.06
1685635200000;CEBR6.SA;12.52;12.62;12.52;12.52;12.52;300;12.83;-2.44;42.19;ESTAVEL;2023-06-01 16:00:00;stocks;12.83;-2.44;12.83;-2.44
1685638800000;CEBR6.SA;12.65;12.65;12.65;12.65;12.65;100;12.83;-1.41;47.99;ESTAVEL;2023-06-01 17:00:00;stocks;12.83;-1.41;12.83;-1.41
1685642400000;CEBR6.SA;12.6;12.61;12.51;12.51;12.51;3600;12.83;-2.48;42.99;ESTAVEL;2023-06-01 18:00:00;stocks;12.83;-2.48;12.83;-2.48
1685710800000;CEBR6.SA;12.56;12.71;12.28;12.7;12.7;12800;12.83;-0.99;50.53;ESTAVEL;2023-06-02 13:00:00;stocks;12.83;-0.99;12.83;-0.99
1685714400000;CEBR6.SA;12.81;12.81;12.81;12.81;12.81;2000;12.83;-0.13;54.3;ESTAVEL;2023-06-02 14:00:00;stocks;12.83;-0.13;12.83;-0.13
1685718000000;CEBR6.SA;12.7;12.7;12.7;12.7;12.7;700;12.83;-0.97;50.18;ESTAVEL;2023-06-02 15:00:00;stocks;12.83;-0.97;12.83;-0.97
1685721600000;CEBR6.SA;12.75;12.85;12.7;12.7;12.7;13000;12.82;-0.97;50.18;ESTAVEL;2023-06-02 16:00:00;stocks;12.82;-0.97;12.82;-0.97
1685732400000;CEBR6.SA;12.7;12.8;12.7;12.8;12.8;1800;12.82;-0.18;53.87;ESTAVEL;2023-06-02 19:00:00;stocks;12.82;-0.18;12.82;-0.18
1685970000000;CEBR6.SA;12.71;12.71;12.7;12.7;12.7;0;12.82;-0.95;49.89;ESTAVEL;2023-06-05 13:00:00;stocks;12.82;-0.95;12.82;-0.95
1685973600000;CEBR6.SA;12.58;12.58;12.46;12.47;12.47;300;12.82;-2.72;42.18;ESTAVEL;2023-06-05 14:00:00;stocks;12.82;-2.72;12.82;-2.72
1685977200000;CEBR6.SA;12.7;12.7;12.6;12.6;12.6;600;12.82;-1.69;47.15;ESTAVEL;2023-06-05 15:00:00;stocks;12.82;-1.69;12.82;-1.69
1685980800000;CEBR6.SA;12.55;12.7;12.48;12.7;12.7;4100;12.82;-0.9;50.67;ESTAVEL;2023-06-05 16:00:00;stocks;12.82;-0.9;12.82;-0.9
1685984400000;CEBR6.SA;12.61;12.61;12.61;12.61;12.61;100;12.81;-1.59;47.6;ESTAVEL;2023-06-05 17:00:00;stocks;12.81;-1.59;12.81;-1.59
1685988000000;CEBR6.SA;12.61;12.7;12.6;12.7;12.7;1400;12.81;-0.88;50.81;ESTAVEL;2023-06-05 18:00:00;stocks;12.81;-0.88;12.81;-0.88
1686056400000;CEBR6.SA;12.5;12.83;12.5;12.8;12.8;0;12.81;-0.09;54.16;ESTAVEL;2023-06-06 13:00:00;stocks;12.81;-0.09;12.81;-0.09
1686060000000;CEBR6.SA;12.79;12.79;12.44;12.45;12.45;13500;12.81;-2.8;43.08;ESTAVEL;2023-06-06 14:00:00;stocks;12.81;-2.8;12.81;-2.8
1686063600000;CEBR6.SA;12.45;12.45;12.45;12.45;12.45;7600;12.8;-2.77;43.08;ESTAVEL;2023-06-06 15:00:00;stocks;12.8;-2.77;12.8;-2.77
1686067200000;CEBR6.SA;12.45;12.45;12.42;12.44;12.44;3300;12.8;-2.82;42.79;ESTAVEL;2023-06-06 16:00:00;stocks;12.8;-2.82;12.8;-2.82
1686070800000;CEBR6.SA;12.43;12.45;12.43;12.44;12.44;11500;12.8;-2.8;42.79;ESTAVEL;2023-06-06 17:00:00;stocks;12.8;-2.8;12.8;-2.8
1686074400000;CEBR6.SA;12.44;12.45;12.44;12.45;12.45;5200;12.79;-2.69;43.23;ESTAVEL;2023-06-06 18:00:00;stocks;12.79;-2.69;12.79;-2.69
1686078000000;CEBR6.SA;12.45;12.45;12.43;12.43;12.43;3200;12.79;-2.82;42.52;ESTAVEL;2023-06-06 19:00:00;stocks;12.79;-2.82;12.79;-2.82
1686142800000;CEBR6.SA;12.45;12.45;12.4;12.41;12.41;0;12.79;-2.95;41.78;ESTAVEL;2023-06-07 13:00:00;stocks;12.79;-2.95;12.79;-2.95
1686146400000;CEBR6.SA;12.41;12.45;12.4;12.45;12.45;0;12.78;-2.61;43.88;ESTAVEL;2023-06-07 14:00:00;stocks;12.78;-2.61;12.78;-2.61
1686150000000;CEBR6.SA;12.45;12.45;12.41;12.41;12.41;9000;12.78;-2.89;42.24;ESTAVEL;2023-06-07 15:00:00;stocks;12.78;-2.89;12.78;-2.89
1686153600000;CEBR6.SA;12.73;12.73;12.58;12.58;12.58;200;12.78;-1.55;50.68;ESTAVEL;2023-06-07 16:00:00;stocks;12.78;-1.55;12.78;-1.55
1686157200000;CEBR6.SA;12.63;12.63;12.63;12.63;12.63;100;12.78;-1.15;52.87;ESTAVEL;2023-06-07 17:00:00;stocks;12.78;-1.15;12.78;-1.15
1686160800000;CEBR6.SA;12.45;12.45;12.44;12.44;12.44;200;12.77;-2.61;44.76;ESTAVEL;2023-06-07 18:00:00;stocks;12.77;-2.61;12.77;-2.61
1686164400000;CEBR6.SA;12.45;12.57;12.45;12.57;12.57;600;12.77;-1.57;50.37;ESTAVEL;2023-06-07 19:00:00;stocks;12.77;-1.57;12.77;-1.57
1686315600000;CEBR6.SA;12.6;12.6;12.6;12.6;12.6;0;12.77;-1.33;51.59;ESTAVEL;2023-06-09 13:00:00;stocks;12.77;-1.33;12.77;-1.33
1686319200000;CEBR6.SA;12.55;12.65;12.55;12.65;12.65;2000;12.77;-0.93;53.64;ESTAVEL;2023-06-09 14:00:00;stocks;12.77;-0.93;12.77;-0.93
1686322800000;CEBR6.SA;12.64;12.66;12.55;12.55;12.55;1300;12.77;-1.69;49.16;ESTAVEL;2023-06-09 15:00:00;stocks;12.77;-1.69;12.77;-1.69
1686326400000;CEBR6.SA;12.61;12.61;12.6;12.6;12.6;500;12.76;-1.29;51.35;ESTAVEL;2023-06-09 16:00:00;stocks;12.76;-1.29;12.76;-1.29
1686333600000;CEBR6.SA;12.54;12.54;12.47;12.47;12.47;2000;12.76;-2.28;45.83;ESTAVEL;2023-06-09 18:00:00;stocks;12.76;-2.28;12.76;-2.28
1686337200000;CEBR6.SA;12.65;12.7;12.62;12.62;12.62;700;12.76;-1.1;52.21;ESTAVEL;2023-06-09 19:00:00;stocks;12.76;-1.1;12.76;-1.1
1686574800000;CEBR6.SA;12.59;12.8;12.58;12.8;12.8;0;12.76;0.31;58.53;ESTAVEL;2023-06-12 13:00:00;stocks;12.76;0.31;12.76;0.31
1686578400000;CEBR6.SA;12.78;12.78;12.78;12.78;12.78;200;12.76;0.15;57.62;ESTAVEL;2023-06-12 14:00:00;stocks;12.76;0.15;12.76;0.15
1686582000000;CEBR6.SA;12.66;12.66;12.66;12.66;12.66;100;12.76;-0.78;52.35;ESTAVEL;2023-06-12 15:00:00;stocks;12.76;-0.78;12.76;-0.78
1686585600000;CEBR6.SA;12.76;12.76;12.76;12.76;12.76;200;12.76;0.0;55.96;ESTAVEL;2023-06-12 16:00:00;stocks;12.76;0.0;12.76;0.0
1686589200000;CEBR6.SA;12.76;12.76;12.65;12.65;12.65;200;12.76;-0.85;51.35;ESTAVEL;2023-06-12 17:00:00;stocks;12.76;-0.85;12.76;-0.85
1686592800000;CEBR6.SA;12.65;12.74;12.62;12.62;12.62;3500;12.76;-1.07;50.14;ESTAVEL;2023-06-12 18:00:00;stocks;12.76;-1.07;12.76;-1.07
1686596400000;CEBR6.SA;12.62;12.63;12.62;12.63;12.63;200;12.76;-0.99;50.56;ESTAVEL;2023-06-12 19:00:00;stocks;12.76;-0.99;12.76;-0.99
1686661200000;CEBR6.SA;12.7;12.79;12.7;12.79;12.79;0;12.76;0.27;56.82;ESTAVEL;2023-06-13 13:00:00;stocks;12.76;0.27;12.76;0.27
1686664800000;CEBR6.SA;12.69;12.69;12.65;12.65;12.65;900;12.76;-0.82;50.76;ESTAVEL;2023-06-13 14:00:00;stocks;12.76;-0.82;12.76;-0.82
1686668400000;CEBR6.SA;12.79;12.79;12.78;12.78;12.78;1300;12.76;0.19;55.5;ESTAVEL;2023-06-13 15:00:00;stocks;12.76;0.19;12.76;0.19
1686675600000;CEBR6.SA;12.78;12.78;12.67;12.67;12.67;1200;12.75;-0.66;51.02;ESTAVEL;2023-06-13 17:00:00;stocks;12.75;-0.66;12.75;-0.66
1686679200000;CEBR6.SA;12.66;12.67;12.65;12.67;12.67;1100;12.75;-0.66;51.02;ESTAVEL;2023-06-13 18:00:00;stocks;12.75;-0.66;12.75;-0.66
1686747600000;CEBR6.SA;12.67;12.79;12.67;12.78;12.78;0;12.75;0.2;55.21;ESTAVEL;2023-06-14 13:00:00;stocks;12.75;0.2;12.75;0.2
1686751200000;CEBR6.SA;12.78;12.79;12.78;12.79;12.79;1200;12.75;0.28;55.59;ESTAVEL;2023-06-14 14:00:00;stocks;12.75;0.28;12.75;0.28
1686754800000;CEBR6.SA;12.77;12.77;12.66;12.75;12.75;800;12.75;-0.03;53.67;ESTAVEL;2023-06-14 15:00:00;stocks;12.75;-0.03;12.75;-0.03
1686758400000;CEBR6.SA;12.81;12.84;12.81;12.81;12.81;3000;12.75;0.43;56.12;ESTAVEL;2023-06-14 16:00:00;stocks;12.75;0.43;12.75;0.43
1686762000000;CEBR6.SA;12.72;12.85;12.69;12.85;12.85;300;12.76;0.74;57.72;ESTAVEL;2023-06-14 17:00:00;stocks;12.76;0.74;12.76;0.74
1686765600000;CEBR6.SA;12.75;12.75;12.75;12.75;12.75;0;12.76;-0.04;52.55;ESTAVEL;2023-06-14 18:00:00;stocks;12.76;-0.04;12.76;-0.04
1686769200000;CEBR6.SA;12.8;12.8;12.8;12.8;12.8;8600;12.76;0.34;54.73;ESTAVEL;2023-06-14 19:00:00;stocks;12.76;0.34;12.76;0.34
1686834000000;CEBR6.SA;12.79;12.84;12.79;12.84;12.84;0;12.76;0.65;56.46;ESTAVEL;2023-06-15 13:00:00;stocks;12.76;0.65;12.76;0.65
1686837600000;CEBR6.SA;12.85;12.85;12.8;12.8;12.8;1800;12.76;0.33;54.23;ESTAVEL;2023-06-15 14:00:00;stocks;12.76;0.33;12.76;0.33
1686841200000;CEBR6.SA;12.8;12.8;12.67;12.67;12.67;1600;12.76;-0.68;47.65;ESTAVEL;2023-06-15 15:00:00;stocks;12.76;-0.68;12.76;-0.68
1686844800000;CEBR6.SA;12.8;12.8;12.71;12.71;12.71;2700;12.76;-0.36;49.67;ESTAVEL;2023-06-15 16:00:00;stocks;12.76;-0.36;12.76;-0.36
1686848400000;CEBR6.SA;12.8;12.8;12.8;12.8;12.8;100;12.76;0.34;53.98;ESTAVEL;2023-06-15 17:00:00;stocks;12.76;0.34;12.76;0.34
1686852000000;CEBR6.SA;12.79;12.79;12.72;12.79;12.79;400;12.76;0.26;53.44;ESTAVEL;2023-06-15 18:00:00;stocks;12.76;0.26;12.76;0.26
1686920400000;CEBR6.SA;12.72;12.84;12.72;12.84;12.84;0;12.76;0.65;55.85;ESTAVEL;2023-06-16 13:00:00;stocks;12.76;0.65;12.76;0.65
1686927600000;CEBR6.SA;12.83;12.83;12.83;12.83;12.83;200;12.76;0.56;55.23;ESTAVEL;2023-06-16 15:00:00;stocks;12.76;0.56;12.76;0.56
1686931200000;CEBR6.SA;12.71;12.75;12.69;12.75;12.75;400;12.76;-0.06;50.44;ESTAVEL;2023-06-16 16:00:00;stocks;12.76;-0.06;12.76;-0.06
1686934800000;CEBR6.SA;12.76;12.76;12.7;12.7;12.7;300;12.76;-0.45;47.65;ESTAVEL;2023-06-16 17:00:00;stocks;12.76;-0.45;12.76;-0.45
1686938400000;CEBR6.SA;12.75;12.79;12.75;12.79;12.79;300;12.76;0.25;52.71;ESTAVEL;2023-06-16 18:00:00;stocks;12.76;0.25;12.76;0.25
1686942000000;CEBR6.SA;12.8;12.8;12.78;12.78;12.78;1500;12.76;0.17;52.11;ESTAVEL;2023-06-16 19:00:00;stocks;12.76;0.17;12.76;0.17
1687179600000;CEBR6.SA;12.7;12.81;12.7;12.81;12.81;0;12.76;0.4;53.82;ESTAVEL;2023-06-19 13:00:00;stocks;12.76;0.4;12.76;0.4
1687183200000;CEBR6.SA;12.81;12.81;12.81;12.81;12.81;800;12.76;0.4;53.82;ESTAVEL;2023-06-19 14:00:00;stocks;12.76;0.4;12.76;0.4
1687186800000;CEBR6.SA;12.8;12.8;12.7;12.7;12.7;1600;12.76;-0.46;46.74;ESTAVEL;2023-06-19 15:00:00;stocks;12.76;-0.46;12.76;-0.46
1687190400000;CEBR6.SA;12.8;12.8;12.65;12.65;12.65;200;12.76;-0.84;43.91;ESTAVEL;2023-06-19 16:00:00;stocks;12.76;-0.84;12.76;-0.84
1687194000000;CEBR6.SA;12.74;12.74;12.74;12.74;12.74;200;12.76;-0.14;49.8;ESTAVEL;2023-06-19 17:00:00;stocks;12.76;-0.14;12.76;-0.14
1687197600000;CEBR6.SA;12.8;12.8;12.75;12.8;12.8;1800;12.76;0.33;53.32;ESTAVEL;2023-06-19 18:00:00;stocks;12.76;0.33;12.76;0.33
1687201200000;CEBR6.SA;12.8;12.8;12.74;12.74;12.74;1300;12.76;-0.14;49.57;ESTAVEL;2023-06-19 19:00:00;stocks;12.76;-0.14;12.76;-0.14
1687266000000;CEBR6.SA;12.79;12.79;12.75;12.75;12.75;0;12.76;-0.06;50.2;ESTAVEL;2023-06-20 13:00:00;stocks;12.76;-0.06;12.76;-0.06
1687269600000;CEBR6.SA;12.75;12.75;12.74;12.74;12.74;2600;12.76;-0.14;49.54;ESTAVEL;2023-06-20 14:00:00;stocks;12.76;-0.14;12.76;-0.14
1687273200000;CEBR6.SA;12.74;12.74;12.74;12.74;12.74;100;12.76;-0.14;49.54;ESTAVEL;2023-06-20 15:00:00;stocks;12.76;-0.14;12.76;-0.14
1687276800000;CEBR6.SA;12.74;12.74;12.74;12.74;12.74;400;12.76;-0.13;49.54;ESTAVEL;2023-06-20 16:00:00;stocks;12.76;-0.13;12.76;-0.13
1687280400000;CEBR6.SA;12.74;12.82;12.71;12.71;12.71;5500;12.76;-0.37;47.2;ESTAVEL;2023-06-20 17:00:00;stocks;12.76;-0.37;12.76;-0.37
1687284000000;CEBR6.SA;12.72;12.72;12.72;12.72;12.72;100;12.76;-0.28;48.08;ESTAVEL;2023-06-20 18:00:00;stocks;12.76;-0.28;12.76;-0.28
1687287600000;CEBR6.SA;12.81;12.82;12.8;12.82;12.82;800;12.76;0.49;55.98;ESTAVEL;2023-06-20 19:00:00;stocks;12.76;0.49;12.76;0.49
1687352400000;CEBR6.SA;12.72;13.0;12.72;12.83;12.83;7500;12.76;0.57;56.69;ESTAVEL;2023-06-21 13:00:00;stocks;12.76;0.57;12.76;0.57
1687356000000;CEBR6.SA;12.81;12.81;12.8;12.8;12.8;1100;12.76;0.33;53.88;ESTAVEL;2023-06-21 14:00:00;stocks;12.76;0.33;12.76;0.33
1687359600000;CEBR6.SA;12.8;12.8;12.8;12.8;12.8;1700;12.76;0.33;53.88;ESTAVEL;2023-06-21 15:00:00;stocks;12.76;0.33;12.76;0.33
1687363200000;CEBR6.SA;12.73;12.8;12.73;12.8;12.8;400;12.76;0.32;53.88;ESTAVEL;2023-06-21 16:00:00;stocks;12.76;0.32;12.76;0.32
1687370400000;CEBR6.SA;12.8;12.8;12.8;12.8;12.8;700;12.76;0.32;53.88;ESTAVEL;2023-06-21 18:00:00;stocks;12.76;0.32;12.76;0.32
1687374000000;CEBR6.SA;12.83;12.85;12.8;12.85;12.85;4600;12.76;0.7;58.49;ESTAVEL;2023-06-21 19:00:00;stocks;12.76;0.7;12.76;0.7
1687438800000;CEBR6.SA;12.81;12.85;12.81;12.85;12.85;0;12.76;0.7;58.49;ESTAVEL;2023-06-22 13:00:00;stocks;12.76;0.7;12.76;0.7
1687442400000;CEBR6.SA;12.84;12.84;12.84;12.84;12.84;500;12.76;0.61;57.16;ESTAVEL;2023-06-22 14:00:00;stocks;12.76;0.61;12.76;0.61
1687446000000;CEBR6.SA;12.85;12.85;12.85;12.85;12.85;2100;12.76;0.68;58.18;ESTAVEL;2023-06-22 15:00:00;stocks;12.76;0.68;12.76;0.68
1687449600000;CEBR6.SA;12.85;12.85;12.81;12.84;12.84;1800;12.76;0.6;56.73;ESTAVEL;2023-06-22 16:00:00;stocks;12.76;0.6;12.76;0.6
1687453200000;CEBR6.SA;12.81;12.84;12.67;12.69;12.69;21700;12.76;-0.57;40.41;ESTAVEL;2023-06-22 17:00:00;stocks;12.76;-0.57;12.76;-0.57
1687456800000;CEBR6.SA;12.83;12.84;12.8;12.84;12.84;6800;12.76;0.6;54.5;ESTAVEL;2023-06-22 18:00:00;stocks;12.76;0.6;12.76;0.6
1687460400000;CEBR6.SA;12.69;12.69;12.69;12.69;12.69;0;12.76;-0.57;43.44;ESTAVEL;2023-06-22 19:00:00;stocks;12.76;-0.57;12.76;-0.57
1687525200000;CEBR6.SA;12.69;12.69;12.69;12.69;12.69;100;12.76;-0.56;43.44;ESTAVEL;2023-06-23 13:00:00;stocks;12.76;-0.56;12.76;-0.56
1687532400000;CEBR6.SA;12.89;12.89;12.89;12.89;12.89;100;12.76;0.99;56.95;ESTAVEL;2023-06-23 15:00:00;stocks;12.76;0.99;12.76;0.99
1687536000000;CEBR6.SA;12.88;12.88;12.88;12.88;12.88;200;12.76;0.9;56.23;ESTAVEL;2023-06-23 16:00:00;stocks;12.76;0.9;12.76;0.9
1687539600000;CEBR6.SA;12.84;12.9;12.84;12.9;12.9;20200;12.77;1.05;57.39;ESTAVEL;2023-06-23 17:00:00;stocks;12.77;1.05;12.77;1.05
1687543200000;CEBR6.SA;12.95;12.95;12.94;12.94;12.94;400;12.77;1.35;59.71;ESTAVEL;2023-06-23 18:00:00;stocks;12.77;1.35;12.77;1.35
1687546800000;CEBR6.SA;12.98;12.98;12.93;12.93;12.93;0;12.77;1.26;58.85;ESTAVEL;2023-06-23 19:00:00;stocks;12.77;1.26;12.77;1.26
1687784400000;CEBR6.SA;13.0;13.05;12.89;12.95;12.95;1700;12.77;1.4;60.08;ESTAVEL;2023-06-26 13:00:00;stocks;12.77;1.4;12.77;1.4
1687788000000;CEBR6.SA;12.99;12.99;12.88;12.95;12.95;5400;12.77;1.39;60.08;ESTAVEL;2023-06-26 14:00:00;stocks;12.77;1.39;12.77;1.39
1687791600000;CEBR6.SA;13.0;13.05;12.91;13.05;13.05;4600;12.78;2.15;66.01;ESTAVEL;2023-06-26 15:00:00;stocks;12.78;2.15;12.78;2.15
1687795200000;CEBR6.SA;13.3;13.3;12.93;13.04;13.04;1100;12.78;2.05;64.97;ESTAVEL;2023-06-26 16:00:00;stocks;12.78;2.05;12.78;2.05
1687798800000;CEBR6.SA;13.28;13.28;13.26;13.27;13.27;800;12.78;3.81;74.8;CAIR;2023-06-26 17:00:00;stocks;12.78;3.81;12.78;3.81
1687802400000;CEBR6.SA;13.23;13.28;13.2;13.28;13.28;1700;12.79;3.85;75.12;CAIR;2023-06-26 18:00:00;stocks;12.79;3.85;12.79;3.85
1687806000000;CEBR6.SA;13.28;13.41;13.28;13.3;13.3;12100;12.79;3.96;75.8;CAIR;2023-06-26 19:00:00;stocks;12.79;3.96;12.79;3.96
1687870800000;CEBR6.SA;13.4;13.7;13.4;13.7;13.7;0;12.8;7.01;84.73;CAIR;2023-06-27 13:00:00;stocks;12.8;7.01;12.8;7.01
1687874400000;CEBR6.SA;13.7;13.75;13.6;13.75;13.75;3100;12.81;7.32;85.45;CAIR;2023-06-27 14:00:00;stocks;12.81;7.32;12.81;7.32
1687878000000;CEBR6.SA;13.75;13.88;13.74;13.75;13.75;2700;12.82;7.25;85.45;CAIR;2023-06-27 15:00:00;stocks;12.82;7.25;12.82;7.25
1687881600000;CEBR6.SA;13.73;13.9;13.59;13.9;13.9;7200;12.83;8.33;87.51;CAIR;2023-06-27 16:00:00;stocks;12.83;8.33;12.83;8.33
1687885200000;CEBR6.SA;13.9;13.9;13.9;13.9;13.9;12700;12.84;8.24;87.51;CAIR;2023-06-27 17:00:00;stocks;12.84;8.24;12.84;8.24
1687888800000;CEBR6.SA;13.72;13.9;13.72;13.9;13.9;1200;12.85;8.15;87.51;CAIR;2023-06-27 18:00:00;stocks;12.85;8.15;12.85;8.15
1687892400000;CEBR6.SA;13.9;13.9;13.76;13.76;13.76;2800;12.86;6.98;75.13;CAIR;2023-06-27 19:00:00;stocks;12.86;6.98;12.86;6.98
1687957200000;CEBR6.SA;13.83;13.83;13.83;13.83;13.83;0;12.87;7.45;76.89;CAIR;2023-06-28 13:00:00;stocks;12.87;7.45;12.87;7.45
1687960800000;CEBR6.SA;13.82;14.0;13.82;14.0;14.0;16800;12.88;8.67;80.5;CAIR;2023-06-28 14:00:00;stocks;12.88;8.67;12.88;8.67
1687964400000;CEBR6.SA;13.97;14.1;13.97;14.09;14.09;4600;12.89;9.27;82.09;CAIR;2023-06-28 15:00:00;stocks;12.89;9.27;12.89;9.27
1687968000000;CEBR6.SA;14.09;14.09;14.04;14.04;14.04;500;12.91;8.79;78.26;CAIR;2023-06-28 16:00:00;stocks;12.91;8.79;12.91;8.79
1687975200000;CEBR6.SA;14.0;14.0;13.99;13.99;13.99;500;12.92;8.31;74.52;CAIR;2023-06-28 18:00:00;stocks;12.92;8.31;12.92;8.31
1687978800000;CEBR6.SA;13.99;13.99;13.93;13.97;13.97;5200;12.93;8.07;73.02;CAIR;2023-06-28 19:00:00;stocks;12.93;8.07;12.93;8.07
1688043600000;CEBR6.SA;14.0;14.0;13.91;14.0;14.0;0;12.94;8.21;73.87;CAIR;2023-06-29 13:00:00;stocks;12.94;8.21;12.94;8.21
1688047200000;CEBR6.SA;14.0;14.0;14.0;14.0;14.0;300;12.95;8.12;73.87;CAIR;2023-06-29 14:00:00;stocks;12.95;8.12;12.95;8.12
1688050800000;CEBR6.SA;14.09;14.09;14.09;14.09;14.09;100;12.96;8.72;76.46;CAIR;2023-06-29 15:00:00;stocks;12.96;8.72;12.96;8.72
1688054400000;CEBR6.SA;14.08;14.1;14.02;14.02;14.02;800;12.97;8.09;70.6;CAIR;2023-06-29 16:00:00;stocks;12.97;8.09;12.97;8.09
1688058000000;CEBR6.SA;14.02;14.02;14.02;14.02;14.02;900;12.98;8.0;70.6;CAIR;2023-06-29 17:00:00;stocks;12.98;8.0;12.98;8.0
1688061600000;CEBR6.SA;14.01;14.1;13.9;14.1;14.1;1300;12.99;8.53;73.31;CAIR;2023-06-29 18:00:00;stocks;12.99;8.53;12.99;8.53
1688065200000;CEBR6.SA;14.09;14.1;14.03;14.1;14.1;500;13.0;8.44;73.31;CAIR;2023-06-29 19:00:00;stocks;13.0;8.44;13.0;8.44
1688130000000;CEBR6.SA;14.11;14.23;14.0;14.1;14.1;900;13.01;8.34;73.31;CAIR;2023-06-30 13:00:00;stocks;13.01;8.34;13.01;8.34
1688133600000;CEBR6.SA;14.37;14.37;14.1;14.1;14.1;3400;13.02;8.25;73.31;CAIR;2023-06-30 14:00:00;stocks;13.02;8.25;13.02;8.25
1688137200000;CEBR6.SA;14.11;14.11;14.11;14.11;14.11;100;13.04;8.24;73.72;CAIR;2023-06-30 15:00:00;stocks;13.04;8.24;13.04;8.24
1688144400000;CEBR6.SA;14.16;14.16;14.15;14.15;14.15;1000;13.05;8.46;75.34;CAIR;2023-06-30 17:00:00;stocks;13.05;8.46;13.05;8.46
1688148000000;CEBR6.SA;14.14;14.15;14.14;14.14;14.14;1100;13.06;8.29;74.11;CAIR;2023-06-30 18:00:00;stocks;13.06;8.29;13.06;8.29
1688151600000;CEBR6.SA;14.13;14.14;14.09;14.09;14.09;900;13.07;7.82;68.12;ESTAVEL;2023-06-30 19:00:00;stocks;13.07;7.82;13.07;7.82
1688389200000;CEBR6.SA;14.03;14.3;14.03;14.25;14.25;0;13.08;8.95;75.06;CAIR;2023-07-03 13:00:00;stocks;13.08;8.95;13.08;8.95
1688392800000;CEBR6.SA;14.24;14.24;14.18;14.18;14.18;3900;13.09;8.32;68.08;ESTAVEL;2023-07-03 14:00:00;stocks;13.09;8.32;13.09;8.32
1688396400000;CEBR6.SA;14.18;14.18;14.18;14.18;14.18;200;13.1;8.23;68.08;ESTAVEL;2023-07-03 15:00:00;stocks;13.1;8.23;13.1;8.23
1688400000000;CEBR6.SA;14.23;14.3;13.12;13.12;13.12;8300;13.1;0.14;25.84;ESTAVEL;2023-07-03 16:00:00;stocks;13.1;0.14;13.1;0.14
1688403600000;CEBR6.SA;13.51;14.29;13.51;14.22;14.22;2300;13.11;8.44;56.2;ESTAVEL;2023-07-03 17:00:00;stocks;13.11;8.44;13.11;8.44
1688407200000;CEBR6.SA;14.01;14.01;14.0;14.0;14.0;700;13.12;6.69;51.65;ESTAVEL;2023-07-03 18:00:00;stocks;13.12;6.69;13.12;6.69
1688410800000;CEBR6.SA;14.0;14.16;14.0;14.15;14.15;1800;13.13;7.75;54.37;ESTAVEL;2023-07-03 19:00:00;stocks;13.13;7.75;13.13;7.75
1688475600000;CEBR6.SA;13.81;14.4;13.81;14.39;14.39;0;13.14;9.48;58.39;ESTAVEL;2023-07-04 13:00:00;stocks;13.14;9.48;13.14;9.48
1688479200000;CEBR6.SA;14.37;14.37;14.2;14.2;14.2;2400;13.15;7.95;54.31;ESTAVEL;2023-07-04 14:00:00;stocks;13.15;7.95;13.15;7.95
1688482800000;CEBR6.SA;14.2;14.4;14.2;14.4;14.4;3900;13.17;9.36;57.66;ESTAVEL;2023-07-04 15:00:00;stocks;13.17;9.36;13.17;9.36
1688486400000;CEBR6.SA;14.23;14.23;14.23;14.23;14.23;100;13.18;7.98;54.03;ESTAVEL;2023-07-04 16:00:00;stocks;13.18;7.98;13.18;7.98
1688490000000;CEBR6.SA;14.38;14.45;14.38;14.44;14.44;3300;13.19;9.47;57.59;ESTAVEL;2023-07-04 17:00:00;stocks;13.19;9.47;13.19;9.47
1688493600000;CEBR6.SA;14.41;14.41;14.1;14.3;14.3;8300;13.2;8.32;54.56;ESTAVEL;2023-07-04 18:00:00;stocks;13.2;8.32;13.2;8.32
1688497200000;CEBR6.SA;14.28;14.4;14.28;14.4;14.4;300;13.21;8.98;56.32;ESTAVEL;2023-07-04 19:00:00;stocks;13.21;8.98;13.21;8.98
1688562000000;CEBR6.SA;14.3;14.3;14.3;14.3;14.3;0;13.22;8.14;54.06;ESTAVEL;2023-07-05 13:00:00;stocks;13.22;8.14;13.22;8.14
1688565600000;CEBR6.SA;14.3;14.3;14.3;14.3;14.3;1000;13.23;8.05;54.06;ESTAVEL;2023-07-05 14:00:00;stocks;13.23;8.05;13.23;8.05
1688569200000;CEBR6.SA;14.28;14.35;14.26;14.35;14.35;2100;13.25;8.34;55.11;ESTAVEL;2023-07-05 15:00:00;stocks;13.25;8.34;13.25;8.34
1688572800000;CEBR6.SA;14.4;14.4;14.35;14.36;14.36;400;13.26;8.32;55.33;ESTAVEL;2023-07-05 16:00:00;stocks;13.26;8.32;13.26;8.32
1688576400000;CEBR6.SA;14.35;14.4;14.35;14.4;14.4;1000;13.27;8.53;56.25;ESTAVEL;2023-07-05 17:00:00;stocks;13.27;8.53;13.27;8.53
1688580000000;CEBR6.SA;14.35;14.5;14.35;14.5;14.5;2000;13.28;9.18;58.55;ESTAVEL;2023-07-05 18:00:00;stocks;13.28;9.18;13.28;9.18
1688583600000;CEBR6.SA;14.34;14.36;14.34;14.36;14.36;600;13.29;8.04;54.25;ESTAVEL;2023-07-05 19:00:00;stocks;13.29;8.04;13.29;8.04
1688648400000;CEBR6.SA;14.36;14.36;14.33;14.33;14.33;0;13.3;7.73;53.34;ESTAVEL;2023-07-06 13:00:00;stocks;13.3;7.73;13.3;7.73
1688652000000;CEBR6.SA;14.46;14.51;14.46;14.5;14.5;0;13.31;8.91;57.65;ESTAVEL;2023-07-06 14:00:00;stocks;13.31;8.91;13.31;8.91
1688655600000;CEBR6.SA;14.5;14.5;14.48;14.48;14.48;7300;13.33;8.67;56.98;ESTAVEL;2023-07-06 15:00:00;stocks;13.33;8.67;13.33;8.67
1688670000000;CEBR6.SA;14.5;14.5;14.5;14.5;14.5;1100;13.34;8.72;57.51;ESTAVEL;2023-07-06 19:00:00;stocks;13.34;8.72;13.34;8.72
1688734800000;CEBR6.SA;14.6;15.25;14.6;15.24;15.24;0;13.36;14.11;71.48;CAIR;2023-07-07 13:00:00;stocks;13.36;14.11;13.36;14.11
1688738400000;CEBR6.SA;15.22;15.22;14.9;14.94;14.94;3400;13.37;11.73;62.51;ESTAVEL;2023-07-07 14:00:00;stocks;13.37;11.73;13.37;11.73
1688749200000;CEBR6.SA;14.94;14.94;14.74;14.74;14.74;300;13.39;10.12;57.34;ESTAVEL;2023-07-07 17:00:00;stocks;13.39;10.12;13.39;10.12
1688752800000;CEBR6.SA;14.94;14.95;14.84;14.95;14.95;3200;13.4;11.56;60.99;ESTAVEL;2023-07-07 18:00:00;stocks;13.4;11.56;13.4;11.56
1688756400000;CEBR6.SA;14.84;14.84;14.8;14.8;14.8;500;13.41;10.33;57.22;ESTAVEL;2023-07-07 19:00:00;stocks;13.41;10.33;13.41;10.33
1688994000000;CEBR6.SA;14.7;14.73;14.52;14.52;14.52;0;13.43;8.15;50.91;ESTAVEL;2023-07-10 13:00:00;stocks;13.43;8.15;13.43;8.15
1688997600000;CEBR6.SA;14.61;14.65;14.61;14.65;14.65;3100;13.44;9.02;53.48;ESTAVEL;2023-07-10 14:00:00;stocks;13.44;9.02;13.44;9.02
1689004800000;CEBR6.SA;14.61;14.7;14.6;14.65;14.65;700;13.45;8.92;53.48;ESTAVEL;2023-07-10 16:00:00;stocks;13.45;8.92;13.45;8.92
1689008400000;CEBR6.SA;14.62;14.7;14.58;14.7;14.7;1000;13.46;9.19;54.54;ESTAVEL;2023-07-10 17:00:00;stocks;13.46;9.19;13.46;9.19
1689012000000;CEBR6.SA;14.61;14.7;14.6;14.7;14.7;1500;13.47;9.09;54.54;ESTAVEL;2023-07-10 18:00:00;stocks;13.47;9.09;13.47;9.09
1689015600000;CEBR6.SA;14.71;14.71;14.71;14.71;14.71;300;13.49;9.07;54.78;ESTAVEL;2023-07-10 19:00:00;stocks;13.49;9.07;13.49;9.07
1689080400000;CEBR6.SA;14.97;14.97;14.86;14.86;14.86;0;13.5;10.07;58.32;ESTAVEL;2023-07-11 13:00:00;stocks;13.5;10.07;13.5;10.07
1689087600000;CEBR6.SA;14.57;14.57;14.56;14.57;14.57;500;13.51;7.84;50.14;ESTAVEL;2023-07-11 15:00:00;stocks;13.51;7.84;13.51;7.84
1689094800000;CEBR6.SA;14.66;14.66;14.65;14.65;14.65;300;13.52;8.34;52.14;ESTAVEL;2023-07-11 17:00:00;stocks;13.52;8.34;13.52;8.34
1689102000000;CEBR6.SA;14.65;14.65;14.65;14.65;14.65;700;13.53;8.25;52.14;ESTAVEL;2023-07-11 19:00:00;stocks;13.53;8.25;13.53;8.25
1689166800000;CEBR6.SA;14.65;14.65;14.65;14.65;14.65;0;13.54;8.16;52.14;ESTAVEL;2023-07-12 13:00:00;stocks;13.54;8.16;13.54;8.16
1689170400000;CEBR6.SA;14.66;14.68;14.66;14.67;14.67;1300;13.56;8.22;52.73;ESTAVEL;2023-07-12 14:00:00;stocks;13.56;8.22;13.56;8.22
1689174000000;CEBR6.SA;14.68;14.68;14.59;14.63;14.63;3300;13.57;7.84;51.36;ESTAVEL;2023-07-12 15:00:00;stocks;13.57;7.84;13.57;7.84
1689177600000;CEBR6.SA;14.59;14.59;14.51;14.51;14.51;400;13.58;6.88;47.4;ESTAVEL;2023-07-12 16:00:00;stocks;13.58;6.88;13.58;6.88
1689181200000;CEBR6.SA;14.57;14.57;14.55;14.55;14.55;0;13.59;7.1;48.82;ESTAVEL;2023-07-12 17:00:00;stocks;13.59;7.1;13.59;7.1
1689184800000;CEBR6.SA;14.55;14.55;14.55;14.55;14.55;0;13.6;7.02;48.82;ESTAVEL;2023-07-12 18:00:00;stocks;13.6;7.02;13.6;7.02
1689253200000;CEBR6.SA;14.55;14.55;14.49;14.55;14.55;0;13.61;6.95;48.82;ESTAVEL;2023-07-13 13:00:00;stocks;13.61;6.95;13.61;6.95
1689256800000;CEBR6.SA;14.69;14.69;14.54;14.54;14.54;200;13.61;6.8;48.41;ESTAVEL;2023-07-13 14:00:00;stocks;13.61;6.8;13.61;6.8
1689264000000;CEBR6.SA;14.69;14.69;14.67;14.67;14.67;200;13.62;7.67;53.81;ESTAVEL;2023-07-13 16:00:00;stocks;13.62;7.67;13.62;7.67
1689267600000;CEBR6.SA;14.51;14.62;14.48;14.62;14.62;800;13.63;7.23;51.57;ESTAVEL;2023-07-13 17:00:00;stocks;13.63;7.23;13.63;7.23
1689271200000;CEBR6.SA;14.6;14.6;14.6;14.6;14.6;300;13.64;7.0;50.67;ESTAVEL;2023-07-13 18:00:00;stocks;13.64;7.0;13.64;7.0
1689274800000;CEBR6.SA;14.6;14.6;14.6;14.6;14.6;300;13.65;6.93;50.67;ESTAVEL;2023-07-13 19:00:00;stocks;13.65;6.93;13.65;6.93
1689343200000;CEBR6.SA;14.59;14.59;14.59;14.59;14.59;100;13.66;6.78;50.15;ESTAVEL;2023-07-14 14:00:00;stocks;13.66;6.78;13.66;6.78
1689350400000;CEBR6.SA;14.59;14.59;14.59;14.59;14.59;200;13.67;6.71;50.15;ESTAVEL;2023-07-14 16:00:00;stocks;13.67;6.71;13.67;6.71
1689361200000;CEBR6.SA;14.5;14.55;14.5;14.55;14.55;400;13.68;6.35;47.91;ESTAVEL;2023-07-14 19:00:00;stocks;13.68;6.35;13.68;6.35
1689609600000;CEBR6.SA;14.58;14.58;14.57;14.58;14.58;1200;13.69;6.5;49.73;ESTAVEL;2023-07-17 16:00:00;stocks;13.69;6.5;13.69;6.5
1689613200000;CEBR6.SA;14.58;14.58;14.57;14.57;14.57;500;13.7;6.36;49.11;ESTAVEL;2023-07-17 17:00:00;stocks;13.7;6.36;13.7;6.36
1689616800000;CEBR6.SA;14.57;14.57;14.57;14.57;14.57;100;13.71;6.29;49.11;ESTAVEL;2023-07-17 18:00:00;stocks;13.71;6.29;13.71;6.29
1689620400000;CEBR6.SA;14.57;14.71;14.57;14.71;14.71;900;13.72;7.24;57.61;ESTAVEL;2023-07-17 19:00:00;stocks;13.72;7.24;13.72;7.24
1689685200000;CEBR6.SA;14.7;14.7;14.7;14.7;14.7;0;13.73;7.09;56.88;ESTAVEL;2023-07-18 13:00:00;stocks;13.73;7.09;13.73;7.09
1689688800000;CEBR6.SA;14.57;14.57;14.5;14.57;14.57;1000;13.74;6.07;48.3;ESTAVEL;2023-07-18 14:00:00;stocks;13.74;6.07;13.74;6.07
1689692400000;CEBR6.SA;14.55;14.55;14.26;14.38;14.38;1000;13.74;4.64;39.04;ESTAVEL;2023-07-18 15:00:00;stocks;13.74;4.64;13.74;4.64
1689696000000;CEBR6.SA;14.53;14.53;14.53;14.53;14.53;800;13.75;5.67;47.59;ESTAVEL;2023-07-18 16:00:00;stocks;13.75;5.67;13.75;5.67
1689699600000;CEBR6.SA;14.71;14.72;14.71;14.72;14.72;500;13.76;6.98;56.0;ESTAVEL;2023-07-18 17:00:00;stocks;13.76;6.98;13.76;6.98
1689703200000;CEBR6.SA;14.72;14.72;14.72;14.72;14.72;0;13.77;6.91;56.0;ESTAVEL;2023-07-18 18:00:00;stocks;13.77;6.91;13.77;6.91
1689771600000;CEBR6.SA;14.59;14.59;14.59;14.59;14.59;2400;13.78;5.9;49.67;ESTAVEL;2023-07-19 13:00:00;stocks;13.78;5.9;13.78;5.9
1689775200000;CEBR6.SA;14.39;14.39;14.0;14.2;14.2;7000;13.78;3.04;36.39;ESTAVEL;2023-07-19 14:00:00;stocks;13.78;3.04;13.78;3.04
1689778800000;CEBR6.SA;14.4;14.79;14.35;14.79;14.79;1200;13.79;7.24;55.69;ESTAVEL;2023-07-19 15:00:00;stocks;13.79;7.24;13.79;7.24
1689782400000;CEBR6.SA;14.79;14.79;14.69;14.69;14.69;500;13.8;6.45;52.77;ESTAVEL;2023-07-19 16:00:00;stocks;13.8;6.45;13.8;6.45
1689786000000;CEBR6.SA;14.65;14.65;14.63;14.63;14.63;1100;13.81;5.95;51.04;ESTAVEL;2023-07-19 17:00:00;stocks;13.81;5.95;13.81;5.95
1689789600000;CEBR6.SA;14.5;14.5;14.2;14.28;14.28;4100;13.81;3.38;42.32;ESTAVEL;2023-07-19 18:00:00;stocks;13.81;3.38;13.81;3.38
1689793200000;CEBR6.SA;14.64;14.64;14.0;14.01;14.01;20600;13.82;1.41;37.06;ESTAVEL;2023-07-19 19:00:00;stocks;13.82;1.41;13.82;1.41
1689858000000;CEBR6.SA;14.62;14.62;14.62;14.62;14.62;0;13.82;5.76;51.67;ESTAVEL;2023-07-20 13:00:00;stocks;13.82;5.76;13.82;5.76
1689861600000;CEBR6.SA;14.21;14.29;14.11;14.29;14.29;5300;13.83;3.34;45.52;ESTAVEL;2023-07-20 14:00:00;stocks;13.83;3.34;13.83;3.34
1689865200000;CEBR6.SA;14.28;14.29;14.0;14.0;14.0;8300;13.83;1.23;40.9;ESTAVEL;2023-07-20 15:00:00;stocks;13.83;1.23;13.83;1.23
1689868800000;CEBR6.SA;13.95;14.15;13.9;14.15;14.15;7000;13.83;2.29;44.06;ESTAVEL;2023-07-20 16:00:00;stocks;13.83;2.29;13.83;2.29
1689872400000;CEBR6.SA;14.0;14.1;13.8;14.1;14.1;6700;13.84;1.91;43.23;ESTAVEL;2023-07-20 17:00:00;stocks;13.84;1.91;13.84;1.91
1689876000000;CEBR6.SA;14.0;14.2;13.8;13.86;13.86;16200;13.84;0.18;39.4;ESTAVEL;2023-07-20 18:00:00;stocks;13.84;0.18;13.84;0.18
1689879600000;CEBR6.SA;13.8;14.1;13.8;14.08;14.08;2700;13.84;1.75;44.28;ESTAVEL;2023-07-20 19:00:00;stocks;13.84;1.75;13.84;1.75
1689944400000;CEBR6.SA;14.08;14.15;14.08;14.15;14.15;0;13.84;2.23;45.77;ESTAVEL;2023-07-21 13:00:00;stocks;13.84;2.23;13.84;2.23
1689948000000;CEBR6.SA;14.2;14.58;14.2;14.58;14.58;300;13.85;5.28;53.95;ESTAVEL;2023-07-21 14:00:00;stocks;13.85;5.28;13.85;5.28
1689951600000;CEBR6.SA;14.06;14.06;14.04;14.05;14.05;1700;13.85;1.44;44.95;ESTAVEL;2023-07-21 15:00:00;stocks;13.85;1.44;13.85;1.44
1689955200000;CEBR6.SA;14.05;14.05;14.05;14.05;14.05;900;13.85;1.42;44.95;ESTAVEL;2023-07-21 16:00:00;stocks;13.85;1.42;13.85;1.42
1689958800000;CEBR6.SA;14.05;14.05;13.74;13.94;13.94;7500;13.85;0.62;43.22;ESTAVEL;2023-07-21 17:00:00;stocks;13.85;0.62;13.85;0.62
1689962400000;CEBR6.SA;13.94;13.94;13.94;13.94;13.94;0;13.85;0.62;43.22;ESTAVEL;2023-07-21 18:00:00;stocks;13.85;0.62;13.85;0.62
1690207200000;CEBR6.SA;14.01;14.01;14.0;14.0;14.0;200;13.86;1.04;44.57;ESTAVEL;2023-07-24 14:00:00;stocks;13.86;1.04;13.86;1.04
1690210800000;CEBR6.SA;14.17;14.17;14.01;14.15;14.15;900;13.86;2.1;47.91;ESTAVEL;2023-07-24 15:00:00;stocks;13.86;2.1;13.86;2.1
1690290000000;CEBR6.SA;14.15;14.15;14.15;14.15;14.15;0;13.86;2.08;47.91;ESTAVEL;2023-07-25 13:00:00;stocks;13.86;2.08;13.86;2.08
1690293600000;CEBR6.SA;14.15;14.19;14.05;14.19;14.19;700;13.86;2.34;48.87;ESTAVEL;2023-07-25 14:00:00;stocks;13.86;2.34;13.86;2.34
1690297200000;CEBR6.SA;14.2;14.2;14.02;14.02;14.02;1100;13.87;1.11;45.09;ESTAVEL;2023-07-25 15:00:00;stocks;13.87;1.11;13.87;1.11
1690300800000;CEBR6.SA;14.02;14.18;14.02;14.18;14.18;200;13.87;2.24;49.08;ESTAVEL;2023-07-25 16:00:00;stocks;13.87;2.24;13.87;2.24
1690304400000;CEBR6.SA;14.16;14.17;14.16;14.17;14.17;500;13.87;2.14;48.84;ESTAVEL;2023-07-25 17:00:00;stocks;13.87;2.14;13.87;2.14
1690311600000;CEBR6.SA;14.14;14.14;14.13;14.13;14.13;700;13.88;1.84;47.84;ESTAVEL;2023-07-25 19:00:00;stocks;13.88;1.84;13.88;1.84
1690376400000;CEBR6.SA;14.13;14.13;14.13;14.13;14.13;0;13.88;1.82;47.84;ESTAVEL;2023-07-26 13:00:00;stocks;13.88;1.82;13.88;1.82
1690380000000;CEBR6.SA;14.01;14.01;14.01;14.01;14.01;1400;13.88;0.94;44.65;ESTAVEL;2023-07-26 14:00:00;stocks;13.88;0.94;13.88;0.94
1690383600000;CEBR6.SA;14.08;14.08;14.08;14.08;14.08;100;13.88;1.43;46.87;ESTAVEL;2023-07-26 15:00:00;stocks;13.88;1.43;13.88;1.43
1690387200000;CEBR6.SA;14.09;14.13;14.09;14.13;14.13;5500;13.88;1.78;48.47;ESTAVEL;2023-07-26 16:00:00;stocks;13.88;1.78;13.88;1.78
1690390800000;CEBR6.SA;14.1;14.1;14.1;14.1;14.1;700;13.89;1.54;47.54;ESTAVEL;2023-07-26 17:00:00;stocks;13.89;1.54;13.89;1.54
1690394400000;CEBR6.SA;14.15;14.17;14.15;14.17;14.17;1000;13.89;2.03;49.94;ESTAVEL;2023-07-26 18:00:00;stocks;13.89;2.03;13.89;2.03
1690398000000;CEBR6.SA;14.16;14.16;14.16;14.16;14.16;200;13.89;1.94;49.59;ESTAVEL;2023-07-26 19:00:00;stocks;13.89;1.94;13.89;1.94
1690462800000;CEBR6.SA;14.09;14.09;14.09;14.09;14.09;0;13.89;1.42;47.11;ESTAVEL;2023-07-27 13:00:00;stocks;13.89;1.42;13.89;1.42
1690466400000;CEBR6.SA;14.08;14.08;14.08;14.08;14.08;600;13.89;1.33;46.75;ESTAVEL;2023-07-27 14:00:00;stocks;13.89;1.33;13.89;1.33
1690470000000;CEBR6.SA;14.02;14.1;14.01;14.1;14.1;1500;13.9;1.46;47.61;ESTAVEL;2023-07-27 15:00:00;stocks;13.9;1.46;13.9;1.46
1690473600000;CEBR6.SA;14.24;14.24;14.05;14.22;14.22;0;13.9;2.3;52.56;ESTAVEL;2023-07-27 16:00:00;stocks;13.9;2.3;13.9;2.3
1690477200000;CEBR6.SA;14.2;14.2;14.2;14.2;14.2;400;13.9;2.13;51.69;ESTAVEL;2023-07-27 17:00:00;stocks;13.9;2.13;13.9;2.13
1690480800000;CEBR6.SA;14.18;14.24;14.18;14.24;14.24;4100;13.91;2.4;53.36;ESTAVEL;2023-07-27 18:00:00;stocks;13.91;2.4;13.91;2.4
1690484400000;CEBR6.SA;14.15;14.25;14.15;14.25;14.25;2500;13.91;2.44;53.79;ESTAVEL;2023-07-27 19:00:00;stocks;13.91;2.44;13.91;2.44
1690552800000;CEBR6.SA;14.05;14.05;14.04;14.04;14.04;0;13.91;0.93;44.49;ESTAVEL;2023-07-28 14:00:00;stocks;13.91;0.93;13.91;0.93
1690556400000;CEBR6.SA;14.24;14.24;14.1;14.1;14.1;1200;13.91;1.34;47.29;ESTAVEL;2023-07-28 15:00:00;stocks;13.91;1.34;13.91;1.34
1690560000000;CEBR6.SA;14.24;14.25;14.24;14.25;14.25;400;13.92;2.4;53.61;ESTAVEL;2023-07-28 16:00:00;stocks;13.92;2.4;13.92;2.4
1690563600000;CEBR6.SA;14.24;14.24;14.16;14.16;14.16;200;13.92;1.73;49.76;ESTAVEL;2023-07-28 17:00:00;stocks;13.92;1.73;13.92;1.73
1690567200000;CEBR6.SA;14.24;14.25;14.24;14.25;14.25;600;13.92;2.35;53.36;ESTAVEL;2023-07-28 18:00:00;stocks;13.92;2.35;13.92;2.35
1690808400000;CEBR6.SA;14.22;14.67;14.22;14.66;14.66;0;13.93;5.24;65.51;ESTAVEL;2023-07-31 13:00:00;stocks;13.93;5.24;13.93;5.24
1690812000000;CEBR6.SA;14.27;14.27;14.27;14.27;14.27;100;13.93;2.42;51.71;ESTAVEL;2023-07-31 14:00:00;stocks;13.93;2.42;13.93;2.42
1690822800000;CEBR6.SA;14.58;14.66;14.58;14.66;14.66;800;13.94;5.16;60.64;ESTAVEL;2023-07-31 17:00:00;stocks;13.94;5.16;13.94;5.16
1690830000000;CEBR6.SA;14.55;14.55;14.45;14.45;14.45;400;13.95;3.62;54.77;ESTAVEL;2023-07-31 19:00:00;stocks;13.95;3.62;13.95;3.62
1690894800000;CEBR6.SA;14.5;14.63;14.03;14.38;14.38;0;13.95;3.09;52.93;ESTAVEL;2023-08-01 13:00:00;stocks;13.95;3.09;13.95;3.09
1690898400000;CEBR6.SA;14.29;14.29;14.06;14.06;14.06;2000;13.95;0.78;45.42;ESTAVEL;2023-08-01 14:00:00;stocks;13.95;0.78;13.95;0.78
1690902000000;CEBR6.SA;14.36;14.36;14.06;14.06;14.06;600;13.95;0.78;45.42;ESTAVEL;2023-08-01 15:00:00;stocks;13.95;0.78;13.95;0.78
1690912800000;CEBR6.SA;14.25;14.25;14.12;14.12;14.12;400;13.95;1.19;47.05;ESTAVEL;2023-08-01 18:00:00;stocks;13.95;1.19;13.95;1.19
1690916400000;CEBR6.SA;14.31;14.31;14.31;14.31;14.31;600;13.96;2.53;51.96;ESTAVEL;2023-08-01 19:00:00;stocks;13.96;2.53;13.96;2.53
1690981200000;CEBR6.SA;14.16;14.4;14.15;14.4;14.4;0;13.96;3.14;54.12;ESTAVEL;2023-08-02 13:00:00;stocks;13.96;3.14;13.96;3.14
1690984800000;CEBR6.SA;14.59;14.6;14.59;14.6;14.6;500;13.97;4.53;58.59;ESTAVEL;2023-08-02 14:00:00;stocks;13.97;4.53;13.97;4.53
1690995600000;CEBR6.SA;14.49;14.5;14.45;14.45;14.45;400;13.97;3.42;54.32;ESTAVEL;2023-08-02 17:00:00;stocks;13.97;3.42;13.97;3.42
1690999200000;CEBR6.SA;14.5;14.5;14.5;14.5;14.5;200;13.98;3.74;55.48;ESTAVEL;2023-08-02 18:00:00;stocks;13.98;3.74;13.98;3.74
1691071200000;CEBR6.SA;14.5;14.5;14.5;14.5;14.5;100;13.98;3.7;55.48;ESTAVEL;2023-08-03 14:00:00;stocks;13.98;3.7;13.98;3.7
1691074800000;CEBR6.SA;14.59;14.6;14.59;14.6;14.6;600;13.99;4.37;57.97;ESTAVEL;2023-08-03 15:00:00;stocks;13.99;4.37;13.99;4.37
1691078400000;CEBR6.SA;14.4;14.6;14.4;14.6;14.6;200;14.0;4.32;57.97;ESTAVEL;2023-08-03 16:00:00;stocks;14.0;4.32;14.0;4.32
1691082000000;CEBR6.SA;14.25;14.5;14.21;14.5;14.5;1200;14.0;3.57;54.44;ESTAVEL;2023-08-03 17:00:00;stocks;14.0;3.57;14.0;3.57
1691085600000;CEBR6.SA;14.55;14.57;14.55;14.57;14.57;500;14.01;4.03;56.44;ESTAVEL;2023-08-03 18:00:00;stocks;14.01;4.03;14.01;4.03
1691164800000;CEBR6.SA;14.6;14.6;14.6;14.6;14.6;0;14.01;4.2;57.31;ESTAVEL;2023-08-04 16:00:00;stocks;14.01;4.2;14.01;4.2
1691168400000;CEBR6.SA;14.49;14.49;14.49;14.49;14.49;200;14.02;3.38;53.14;ESTAVEL;2023-08-04 17:00:00;stocks;14.02;3.38;14.02;3.38
1691172000000;CEBR6.SA;14.6;14.6;14.6;14.6;14.6;100;14.02;4.12;56.54;ESTAVEL;2023-08-04 18:00:00;stocks;14.02;4.12;14.02;4.12
1691175600000;CEBR6.SA;14.53;14.53;14.47;14.47;14.47;600;14.03;3.16;51.76;ESTAVEL;2023-08-04 19:00:00;stocks;14.03;3.16;14.03;3.16
1691413200000;CEBR6.SA;14.47;14.6;14.4;14.4;14.4;6900;14.03;2.63;49.34;ESTAVEL;2023-08-07 13:00:00;stocks;14.03;2.63;14.03;2.63
1691420400000;CEBR6.SA;14.3;14.3;14.28;14.28;14.28;1100;14.03;1.76;45.42;ESTAVEL;2023-08-07 15:00:00;stocks;14.03;1.76;14.03;1.76
1691424000000;CEBR6.SA;14.27;14.39;14.27;14.39;14.39;1200;14.04;2.52;49.39;ESTAVEL;2023-08-07 16:00:00;stocks;14.04;2.52;14.04;2.52
1691427600000;CEBR6.SA;14.39;14.4;14.39;14.4;14.4;500;14.04;2.56;49.75;ESTAVEL;2023-08-07 17:00:00;stocks;14.04;2.56;14.04;2.56
1691431200000;CEBR6.SA;14.4;14.4;14.4;14.4;14.4;200;14.04;2.54;49.75;ESTAVEL;2023-08-07 18:00:00;stocks;14.04;2.54;14.04;2.54
1691434800000;CEBR6.SA;14.4;14.4;14.4;14.4;14.4;300;14.05;2.51;49.75;ESTAVEL;2023-08-07 19:00:00;stocks;14.05;2.51;14.05;2.51
1691499600000;CEBR6.SA;14.39;14.39;14.06;14.22;14.22;0;14.05;1.22;42.93;ESTAVEL;2023-08-08 13:00:00;stocks;14.05;1.22;14.05;1.22
1691503200000;CEBR6.SA;14.3;14.4;14.22;14.4;14.4;500;14.05;2.47;50.27;ESTAVEL;2023-08-08 14:00:00;stocks;14.05;2.47;14.05;2.47
1691506800000;CEBR6.SA;14.45;14.45;14.4;14.44;14.44;300;14.06;2.73;51.76;ESTAVEL;2023-08-08 15:00:00;stocks;14.06;2.73;14.06;2.73
1691510400000;CEBR6.SA;14.4;14.4;14.4;14.4;14.4;200;14.06;2.42;50.14;ESTAVEL;2023-08-08 16:00:00;stocks;14.06;2.42;14.06;2.42
1691514000000;CEBR6.SA;14.4;14.4;14.4;14.4;14.4;300;14.06;2.39;50.14;ESTAVEL;2023-08-08 17:00:00;stocks;14.06;2.39;14.06;2.39
1691517600000;CEBR6.SA;14.4;14.4;14.4;14.4;14.4;300;14.07;2.37;50.14;ESTAVEL;2023-08-08 18:00:00;stocks;14.07;2.37;14.07;2.37
1691521200000;CEBR6.SA;14.4;14.4;14.37;14.37;14.37;900;14.07;2.14;48.72;ESTAVEL;2023-08-08 19:00:00;stocks;14.07;2.14;14.07;2.14
1691586000000;CEBR6.SA;14.38;14.38;14.16;14.35;14.35;0;14.07;1.97;47.75;ESTAVEL;2023-08-09 13:00:00;stocks;14.07;1.97;14.07;1.97
1691589600000;CEBR6.SA;14.26;14.26;14.26;14.26;14.26;100;14.07;1.32;43.54;ESTAVEL;2023-08-09 14:00:00;stocks;14.07;1.32;14.07;1.32
1691593200000;CEBR6.SA;14.35;14.35;14.35;14.35;14.35;200;14.08;1.94;48.43;ESTAVEL;2023-08-09 15:00:00;stocks;14.08;1.94;14.08;1.94
1691596800000;CEBR6.SA;14.26;14.26;14.26;14.26;14.26;200;14.08;1.29;44.3;ESTAVEL;2023-08-09 16:00:00;stocks;14.08;1.29;14.08;1.29
1691604000000;CEBR6.SA;14.51;14.51;14.51;14.51;14.51;300;14.08;3.03;55.64;ESTAVEL;2023-08-09 18:00:00;stocks;14.08;3.03;14.08;3.03
1691607600000;CEBR6.SA;14.31;14.31;14.31;14.31;14.31;100;14.09;1.59;47.33;ESTAVEL;2023-08-09 19:00:00;stocks;14.09;1.59;14.09;1.59
1691672400000;CEBR6.SA;14.21;14.59;14.21;14.29;14.29;0;14.09;1.44;46.59;ESTAVEL;2023-08-10 13:00:00;stocks;14.09;1.44;14.09;1.44
1691676000000;CEBR6.SA;14.39;14.39;14.39;14.39;14.39;300;14.09;2.13;50.78;ESTAVEL;2023-08-10 14:00:00;stocks;14.09;2.13;14.09;2.13
1691679600000;CEBR6.SA;14.4;14.6;14.4;14.6;14.6;2500;14.1;3.58;58.2;ESTAVEL;2023-08-10 15:00:00;stocks;14.1;3.58;14.1;3.58
1691690400000;CEBR6.SA;14.34;14.34;14.06;14.06;14.06;4300;14.1;-0.25;41.06;ESTAVEL;2023-08-10 18:00:00;stocks;14.1;-0.25;14.1;-0.25
1691694000000;CEBR6.SA;14.3;14.3;14.3;14.3;14.3;500;14.1;1.44;48.34;ESTAVEL;2023-08-10 19:00:00;stocks;14.1;1.44;14.1;1.44
1691758800000;CEBR6.SA;14.33;14.43;14.26;14.26;14.26;0;14.1;1.14;47.29;ESTAVEL;2023-08-11 13:00:00;stocks;14.1;1.14;14.1;1.14
1691762400000;CEBR6.SA;14.39;14.42;14.39;14.4;14.4;1500;14.1;2.11;51.28;ESTAVEL;2023-08-11 14:00:00;stocks;14.1;2.11;14.1;2.11
1691766000000;CEBR6.SA;14.4;14.4;14.4;14.4;14.4;900;14.1;2.09;51.28;ESTAVEL;2023-08-11 15:00:00;stocks;14.1;2.09;14.1;2.09
1691769600000;CEBR6.SA;14.49;14.5;14.48;14.48;14.48;1100;14.11;2.63;53.6;ESTAVEL;2023-08-11 16:00:00;stocks;14.11;2.63;14.11;2.63
1691773200000;CEBR6.SA;14.47;14.5;14.47;14.5;14.5;600;14.11;2.75;54.19;ESTAVEL;2023-08-11 17:00:00;stocks;14.11;2.75;14.11;2.75
1691776800000;CEBR6.SA;14.46;14.46;14.46;14.46;14.46;100;14.12;2.44;52.75;ESTAVEL;2023-08-11 18:00:00;stocks;14.12;2.44;14.12;2.44
1691780400000;CEBR6.SA;14.24;14.24;14.23;14.23;14.23;600;14.12;0.8;45.29;ESTAVEL;2023-08-11 19:00:00;stocks;14.12;0.8;14.12;0.8
1692018000000;CEBR6.SA;14.33;14.33;14.33;14.33;14.33;0;14.12;1.49;48.69;ESTAVEL;2023-08-14 13:00:00;stocks;14.12;1.49;14.12;1.49
1692021600000;CEBR6.SA;14.33;14.45;14.18;14.45;14.45;900;14.12;2.32;52.5;ESTAVEL;2023-08-14 14:00:00;stocks;14.12;2.32;14.12;2.32
1692028800000;CEBR6.SA;14.38;14.45;14.38;14.45;14.45;600;14.13;2.3;52.5;ESTAVEL;2023-08-14 16:00:00;stocks;14.13;2.3;14.13;2.3
1692032400000;CEBR6.SA;14.44;14.44;14.44;14.44;14.44;100;14.13;2.2;52.12;ESTAVEL;2023-08-14 17:00:00;stocks;14.13;2.2;14.13;2.2
1692036000000;CEBR6.SA;14.45;14.45;14.44;14.45;14.45;0;14.13;2.25;52.49;ESTAVEL;2023-08-14 18:00:00;stocks;14.13;2.25;14.13;2.25
1692104400000;CEBR6.SA;14.52;14.52;14.52;14.52;14.52;100;14.14;2.72;55.07;ESTAVEL;2023-08-15 13:00:00;stocks;14.14;2.72;14.14;2.72
1692108000000;CEBR6.SA;14.4;14.4;14.4;14.4;14.4;100;14.14;1.85;50.05;ESTAVEL;2023-08-15 14:00:00;stocks;14.14;1.85;14.14;1.85
1692111600000;CEBR6.SA;14.24;14.24;13.75;13.9;13.9;9600;14.14;-1.67;35.53;ESTAVEL;2023-08-15 15:00:00;stocks;14.14;-1.67;14.14;-1.67
1692115200000;CEBR6.SA;13.91;14.16;13.83;13.84;13.84;4500;14.13;-2.07;34.24;ESTAVEL;2023-08-15 16:00:00;stocks;14.13;-2.07;14.13;-2.07
1692118800000;CEBR6.SA;13.85;14.14;13.76;14.14;14.14;6200;14.13;0.05;44.96;ESTAVEL;2023-08-15 17:00:00;stocks;14.13;0.05;14.13;0.05
1692122400000;CEBR6.SA;13.75;13.81;13.7;13.7;13.7;2900;14.13;-3.04;35.76;ESTAVEL;2023-08-15 18:00:00;stocks;14.13;-3.04;14.13;-3.04
1692126000000;CEBR6.SA;13.91;13.93;13.71;13.91;13.91;1200;14.13;-1.53;41.87;ESTAVEL;2023-08-15 19:00:00;stocks;14.13;-1.53;14.13;-1.53
1692190800000;CEBR6.SA;13.93;14.1;13.82;13.82;13.82;2000;14.12;-2.15;40.11;ESTAVEL;2023-08-16 13:00:00;stocks;14.12;-2.15;14.12;-2.15
1692194400000;CEBR6.SA;13.99;13.99;13.99;13.99;13.99;100;14.12;-0.94;44.83;ESTAVEL;2023-08-16 14:00:00;stocks;14.12;-0.94;14.12;-0.94
1692198000000;CEBR6.SA;13.99;13.99;13.87;13.87;13.87;200;14.12;-1.77;42.3;ESTAVEL;2023-08-16 15:00:00;stocks;14.12;-1.77;14.12;-1.77
1692201600000;CEBR6.SA;13.96;13.99;13.85;13.96;13.96;1800;14.12;-1.12;44.82;ESTAVEL;2023-08-16 16:00:00;stocks;14.12;-1.12;14.12;-1.12
1692205200000;CEBR6.SA;13.84;13.84;13.82;13.82;13.82;500;14.12;-2.09;41.76;ESTAVEL;2023-08-16 17:00:00;stocks;14.12;-2.09;14.12;-2.09
1692208800000;CEBR6.SA;13.93;13.93;13.79;13.8;13.8;9200;14.11;-2.21;41.33;ESTAVEL;2023-08-16 18:00:00;stocks;14.11;-2.21;14.11;-2.21
1692212400000;CEBR6.SA;13.8;13.8;13.8;13.8;13.8;2100;14.11;-2.19;41.33;ESTAVEL;2023-08-16 19:00:00;stocks;14.11;-2.19;14.11;-2.19
1692277200000;CEBR6.SA;13.84;13.84;13.83;13.83;13.83;0;14.11;-1.96;42.37;ESTAVEL;2023-08-17 13:00:00;stocks;14.11;-1.96;14.11;-1.96
1692280800000;CEBR6.SA;13.92;13.93;13.84;13.84;13.84;500;14.1;-1.87;42.73;ESTAVEL;2023-08-17 14:00:00;stocks;14.1;-1.87;14.1;-1.87
1692284400000;CEBR6.SA;13.84;13.84;13.83;13.83;13.83;1500;14.1;-1.92;42.44;ESTAVEL;2023-08-17 15:00:00;stocks;14.1;-1.92;14.1;-1.92
1692291600000;CEBR6.SA;13.83;13.89;13.82;13.89;13.89;4000;14.1;-1.48;44.85;ESTAVEL;2023-08-17 17:00:00;stocks;14.1;-1.48;14.1;-1.48
1692295200000;CEBR6.SA;13.89;13.89;13.89;13.89;13.89;200;14.1;-1.47;44.85;ESTAVEL;2023-08-17 18:00:00;stocks;14.1;-1.47;14.1;-1.47
1692298800000;CEBR6.SA;13.8;13.8;13.78;13.78;13.78;1600;14.09;-2.22;41.19;ESTAVEL;2023-08-17 19:00:00;stocks;14.09;-2.22;14.09;-2.22
1692363600000;CEBR6.SA;13.91;13.91;13.91;13.91;13.91;0;14.09;-1.29;46.73;ESTAVEL;2023-08-18 13:00:00;stocks;14.09;-1.29;14.09;-1.29
1692367200000;CEBR6.SA;13.72;13.86;13.72;13.86;13.86;300;14.09;-1.63;44.97;ESTAVEL;2023-08-18 14:00:00;stocks;14.09;-1.63;14.09;-1.63
1692370800000;CEBR6.SA;13.88;13.88;13.88;13.88;13.88;100;14.09;-1.47;45.85;ESTAVEL;2023-08-18 15:00:00;stocks;14.09;-1.47;14.09;-1.47
1692374400000;CEBR6.SA;13.88;14.05;13.3;14.05;14.05;10500;14.09;-0.26;52.74;ESTAVEL;2023-08-18 16:00:00;stocks;14.09;-0.26;14.09;-0.26
1692378000000;CEBR6.SA;14.05;14.1;14.05;14.1;14.1;700;14.09;0.09;54.58;ESTAVEL;2023-08-18 17:00:00;stocks;14.09;0.09;14.09;0.09
1692381600000;CEBR6.SA;14.04;14.05;13.97;13.97;13.97;300;14.09;-0.82;49.23;ESTAVEL;2023-08-18 18:00:00;stocks;14.09;-0.82;14.09;-0.82
1692385200000;CEBR6.SA;13.97;14.09;13.97;14.09;14.09;500;14.09;0.03;53.74;ESTAVEL;2023-08-18 19:00:00;stocks;14.09;0.03;14.09;0.03
1692622800000;CEBR6.SA;14.0;14.48;14.0;14.17;14.17;0;14.09;0.59;56.5;ESTAVEL;2023-08-21 13:00:00;stocks;14.09;0.59;14.09;0.59
1692626400000;CEBR6.SA;14.14;14.14;14.11;14.13;14.13;1300;14.09;0.3;54.74;ESTAVEL;2023-08-21 14:00:00;stocks;14.09;0.3;14.09;0.3
1692633600000;CEBR6.SA;14.26;14.3;14.26;14.3;14.3;900;14.09;1.5;60.4;ESTAVEL;2023-08-21 16:00:00;stocks;14.09;1.5;14.09;1.5
1692644400000;CEBR6.SA;14.27;14.27;14.27;14.27;14.27;100;14.09;1.27;59.0;ESTAVEL;2023-08-21 19:00:00;stocks;14.09;1.27;14.09;1.27
1692709200000;CEBR6.SA;14.13;14.13;14.13;14.13;14.13;0;14.09;0.27;52.83;ESTAVEL;2023-08-22 13:00:00;stocks;14.09;0.27;14.09;0.27
1692712800000;CEBR6.SA;14.24;14.24;14.22;14.24;14.24;1000;14.09;1.04;56.67;ESTAVEL;2023-08-22 14:00:00;stocks;14.09;1.04;14.09;1.04
1692716400000;CEBR6.SA;14.12;14.12;14.12;14.12;14.12;500;14.09;0.19;51.73;ESTAVEL;2023-08-22 15:00:00;stocks;14.09;0.19;14.09;0.19
1692720000000;CEBR6.SA;14.13;14.13;14.13;14.13;14.13;600;14.09;0.26;52.1;ESTAVEL;2023-08-22 16:00:00;stocks;14.09;0.26;14.09;0.26
1692723600000;CEBR6.SA;14.13;14.13;14.13;14.13;14.13;200;14.09;0.26;52.1;ESTAVEL;2023-08-22 17:00:00;stocks;14.09;0.26;14.09;0.26
1692727200000;CEBR6.SA;14.13;14.22;14.13;14.22;14.22;34300;14.1;0.89;55.69;ESTAVEL;2023-08-22 18:00:00;stocks;14.1;0.89;14.1;0.89
1692730800000;CEBR6.SA;14.21;14.23;14.21;14.23;14.23;1600;14.1;0.95;56.08;ESTAVEL;2023-08-22 19:00:00;stocks;14.1;0.95;14.1;0.95
1692795600000;CEBR6.SA;14.22;14.36;14.05;14.36;14.36;0;14.1;1.85;60.94;ESTAVEL;2023-08-23 13:00:00;stocks;14.1;1.85;14.1;1.85
1692799200000;CEBR6.SA;14.49;14.5;14.18;14.2;14.2;40500;14.1;0.71;53.15;ESTAVEL;2023-08-23 14:00:00;stocks;14.1;0.71;14.1;0.71
1692802800000;CEBR6.SA;14.2;14.2;14.2;14.2;14.2;0;14.1;0.7;53.15;ESTAVEL;2023-08-23 15:00:00;stocks;14.1;0.7;14.1;0.7
1692806400000;CEBR6.SA;14.2;14.2;13.99;13.99;13.99;1300;14.1;-0.78;44.49;ESTAVEL;2023-08-23 16:00:00;stocks;14.1;-0.78;14.1;-0.78
1692810000000;CEBR6.SA;13.99;13.99;13.98;13.99;13.99;3400;14.1;-0.77;44.49;ESTAVEL;2023-08-23 17:00:00;stocks;14.1;-0.77;14.1;-0.77
1692813600000;CEBR6.SA;13.98;13.98;13.98;13.98;13.98;100;14.1;-0.84;44.09;ESTAVEL;2023-08-23 18:00:00;stocks;14.1;-0.84;14.1;-0.84
1692817200000;CEBR6.SA;13.99;13.99;13.99;13.99;13.99;2000;14.1;-0.76;44.63;ESTAVEL;2023-08-23 19:00:00;stocks;14.1;-0.76;14.1;-0.76
1692882000000;CEBR6.SA;13.99;14.1;13.9;13.9;13.9;0;14.09;-1.38;40.86;ESTAVEL;2023-08-24 13:00:00;stocks;14.09;-1.38;14.09;-1.38
1692885600000;CEBR6.SA;14.01;14.09;14.01;14.09;14.09;200;14.09;-0.03;50.38;ESTAVEL;2023-08-24 14:00:00;stocks;14.09;-0.03;14.09;-0.03
1692889200000;CEBR6.SA;14.09;14.09;13.9;13.9;13.9;2000;14.09;-1.37;42.94;ESTAVEL;2023-08-24 15:00:00;stocks;14.09;-1.37;14.09;-1.37
1692892800000;CEBR6.SA;14.09;14.24;14.09;14.24;14.24;800;14.09;1.03;55.58;ESTAVEL;2023-08-24 16:00:00;stocks;14.09;1.03;14.09;1.03
1692896400000;CEBR6.SA;14.24;14.24;14.24;14.24;14.24;600;14.1;1.02;55.58;ESTAVEL;2023-08-24 17:00:00;stocks;14.1;1.02;14.1;1.02
1692900000000;CEBR6.SA;13.99;14.23;13.98;13.98;13.98;3700;14.09;-0.81;46.45;ESTAVEL;2023-08-24 18:00:00;stocks;14.09;-0.81;14.09;-0.81
1692903600000;CEBR6.SA;14.2;14.2;14.2;14.2;14.2;100;14.1;0.74;53.43;ESTAVEL;2023-08-24 19:00:00;stocks;14.1;0.74;14.1;0.74
1692968400000;CEBR6.SA;14.21;14.37;14.05;14.05;14.05;0;14.1;-0.32;48.76;ESTAVEL;2023-08-25 13:00:00;stocks;14.1;-0.32;14.1;-0.32
1692972000000;CEBR6.SA;14.05;14.2;13.9;14.2;14.2;2700;14.1;0.74;53.16;ESTAVEL;2023-08-25 14:00:00;stocks;14.1;0.74;14.1;0.74
1692975600000;CEBR6.SA;14.18;14.18;14.17;14.18;14.18;600;14.1;0.59;52.52;ESTAVEL;2023-08-25 15:00:00;stocks;14.1;0.59;14.1;0.59
1692982800000;CEBR6.SA;14.16;14.16;14.16;14.16;14.16;400;14.1;0.44;51.84;ESTAVEL;2023-08-25 17:00:00;stocks;14.1;0.44;14.1;0.44
1692986400000;CEBR6.SA;14.16;14.16;14.16;14.16;14.16;100;14.1;0.44;51.84;ESTAVEL;2023-08-25 18:00:00;stocks;14.1;0.44;14.1;0.44
1692990000000;CEBR6.SA;14.06;14.14;14.06;14.14;14.14;400;14.1;0.29;51.07;ESTAVEL;2023-08-25 19:00:00;stocks;14.1;0.29;14.1;0.29
1693227600000;CEBR6.SA;14.05;14.32;14.05;14.05;14.05;0;14.1;-0.34;47.65;ESTAVEL;2023-08-28 13:00:00;stocks;14.1;-0.34;14.1;-0.34
1693231200000;CEBR6.SA;14.06;14.06;14.05;14.05;14.05;1200;14.1;-0.34;47.65;ESTAVEL;2023-08-28 14:00:00;stocks;14.1;-0.34;14.1;-0.34
1693234800000;CEBR6.SA;14.33;14.38;13.96;14.38;14.38;2500;14.1;1.98;59.25;ESTAVEL;2023-08-28 15:00:00;stocks;14.1;1.98;14.1;1.98
1693238400000;CEBR6.SA;14.37;14.37;14.37;14.37;14.37;0;14.1;1.89;58.82;ESTAVEL;2023-08-28 16:00:00;stocks;14.1;1.89;14.1;1.89
1693242000000;CEBR6.SA;14.03;14.2;14.03;14.2;14.2;5800;14.1;0.68;51.99;ESTAVEL;2023-08-28 17:00:00;stocks;14.1;0.68;14.1;0.68
1693245600000;CEBR6.SA;14.05;14.2;14.05;14.2;14.2;800;14.11;0.67;51.99;ESTAVEL;2023-08-28 18:00:00;stocks;14.11;0.67;14.11;0.67
1693249200000;CEBR6.SA;14.2;14.28;14.2;14.28;14.28;2800;14.11;1.23;54.85;ESTAVEL;2023-08-28 19:00:00;stocks;14.11;1.23;14.11;1.23
1693314000000;CEBR6.SA;14.28;14.28;14.2;14.2;14.2;0;14.11;0.65;51.54;ESTAVEL;2023-08-29 13:00:00;stocks;14.11;0.65;14.11;0.65
1693317600000;CEBR6.SA;14.2;14.25;14.19;14.25;14.25;1900;14.11;1.0;53.43;ESTAVEL;2023-08-29 14:00:00;stocks;14.11;1.0;14.11;1.0
1693321200000;CEBR6.SA;14.25;14.44;14.25;14.44;14.44;600;14.11;2.32;59.85;ESTAVEL;2023-08-29 15:00:00;stocks;14.11;2.32;14.11;2.32
1693324800000;CEBR6.SA;14.22;14.22;14.22;14.22;14.22;100;14.11;0.75;51.08;ESTAVEL;2023-08-29 16:00:00;stocks;14.11;0.75;14.11;0.75
1693332000000;CEBR6.SA;14.25;14.43;14.25;14.26;14.26;1900;14.12;1.03;52.44;ESTAVEL;2023-08-29 18:00:00;stocks;14.12;1.03;14.12;1.03
1693335600000;CEBR6.SA;14.4;14.45;14.35;14.35;14.35;600;14.12;1.65;55.45;ESTAVEL;2023-08-29 19:00:00;stocks;14.12;1.65;14.12;1.65
1693400400000;CEBR6.SA;14.61;14.61;14.61;14.61;14.61;0;14.12;3.45;62.78;ESTAVEL;2023-08-30 13:00:00;stocks;14.12;3.45;14.12;3.45
1693404000000;CEBR6.SA;14.38;14.38;14.38;14.38;14.38;200;14.12;1.81;54.27;ESTAVEL;2023-08-30 14:00:00;stocks;14.12;1.81;14.12;1.81
1693407600000;CEBR6.SA;14.38;14.38;14.38;14.38;14.38;200;14.13;1.79;54.27;ESTAVEL;2023-08-30 15:00:00;stocks;14.13;1.79;14.13;1.79
1693411200000;CEBR6.SA;14.38;14.55;14.38;14.55;14.55;1100;14.13;2.96;59.03;ESTAVEL;2023-08-30 16:00:00;stocks;14.13;2.96;14.13;2.96
1693414800000;CEBR6.SA;14.54;14.54;14.54;14.54;14.54;1000;14.14;2.86;58.65;ESTAVEL;2023-08-30 17:00:00;stocks;14.14;2.86;14.14;2.86
1693418400000;CEBR6.SA;14.5;14.51;14.36;14.36;14.36;1400;14.14;1.57;52.04;ESTAVEL;2023-08-30 18:00:00;stocks;14.14;1.57;14.14;1.57
1693422000000;CEBR6.SA;14.45;14.6;14.45;14.6;14.6;1600;14.14;3.24;58.72;ESTAVEL;2023-08-30 19:00:00;stocks;14.14;3.24;14.14;3.24
1693486800000;CEBR6.SA;14.72;14.72;14.63;14.63;14.63;0;14.15;3.41;59.48;ESTAVEL;2023-08-31 13:00:00;stocks;14.15;3.41;14.15;3.41
1693490400000;CEBR6.SA;14.51;14.63;14.51;14.63;14.63;400;14.15;3.38;59.48;ESTAVEL;2023-08-31 14:00:00;stocks;14.15;3.38;14.15;3.38
1693494000000;CEBR6.SA;14.6;14.6;14.43;14.43;14.43;600;14.15;1.94;52.07;ESTAVEL;2023-08-31 15:00:00;stocks;14.15;1.94;14.15;1.94
1693497600000;CEBR6.SA;14.38;14.38;14.38;14.38;14.38;100;14.16;1.57;50.38;ESTAVEL;2023-08-31 16:00:00;stocks;14.16;1.57;14.16;1.57
1693501200000;CEBR6.SA;14.38;14.6;14.38;14.6;14.6;300;14.16;3.1;56.99;ESTAVEL;2023-08-31 17:00:00;stocks;14.16;3.1;14.16;3.1
1693508400000;CEBR6.SA;14.32;14.61;14.31;14.31;14.31;2200;14.16;1.04;47.93;ESTAVEL;2023-08-31 19:00:00;stocks;14.16;1.04;14.16;1.04
1693573200000;CEBR6.SA;14.49;14.63;14.49;14.63;14.63;900;14.17;3.26;56.2;ESTAVEL;2023-09-01 13:00:00;stocks;14.17;3.26;14.17;3.26
1693576800000;CEBR6.SA;14.51;14.72;14.5;14.58;14.58;700;14.17;2.88;54.74;ESTAVEL;2023-09-01 14:00:00;stocks;14.17;2.88;14.17;2.88
1693580400000;CEBR6.SA;14.55;14.66;14.55;14.65;14.65;1000;14.18;3.34;56.45;ESTAVEL;2023-09-01 15:00:00;stocks;14.18;3.34;14.18;3.34
1693584000000;CEBR6.SA;14.65;14.66;14.65;14.66;14.66;2600;14.18;3.38;56.7;ESTAVEL;2023-09-01 16:00:00;stocks;14.18;3.38;14.18;3.38
1693587600000;CEBR6.SA;14.65;14.66;14.65;14.66;14.66;5200;14.19;3.34;56.7;ESTAVEL;2023-09-01 17:00:00;stocks;14.19;3.34;14.19;3.34
1693591200000;CEBR6.SA;14.66;14.66;14.66;14.66;14.66;2600;14.19;3.31;56.7;ESTAVEL;2023-09-01 18:00:00;stocks;14.19;3.31;14.19;3.31
1693832400000;CEBR6.SA;14.66;14.68;14.65;14.65;14.65;0;14.2;3.2;56.3;ESTAVEL;2023-09-04 13:00:00;stocks;14.2;3.2;14.2;3.2
1693836000000;CEBR6.SA;14.7;14.9;14.7;14.9;14.9;1000;14.2;4.91;63.37;ESTAVEL;2023-09-04 14:00:00;stocks;14.2;4.91;14.2;4.91
1693839600000;CEBR6.SA;14.85;14.85;14.85;14.85;14.85;100;14.21;4.51;61.23;ESTAVEL;2023-09-04 15:00:00;stocks;14.21;4.51;14.21;4.51
1693843200000;CEBR6.SA;14.55;14.88;14.53;14.88;14.88;500;14.22;4.67;62.06;ESTAVEL;2023-09-04 16:00:00;stocks;14.22;4.67;14.22;4.67
1693846800000;CEBR6.SA;14.87;14.87;14.33;14.33;14.33;200;14.22;0.8;43.69;ESTAVEL;2023-09-04 17:00:00;stocks;14.22;0.8;14.22;0.8
1693850400000;CEBR6.SA;14.6;14.87;14.6;14.87;14.87;500;14.22;4.55;57.11;ESTAVEL;2023-09-04 18:00:00;stocks;14.22;4.55;14.22;4.55
1693854000000;CEBR6.SA;14.65;14.8;14.65;14.8;14.8;1500;14.23;4.01;55.27;ESTAVEL;2023-09-04 19:00:00;stocks;14.23;4.01;14.23;4.01
1693918800000;CEBR6.SA;14.99;14.99;14.76;14.78;14.78;0;14.23;3.83;54.73;ESTAVEL;2023-09-05 13:00:00;stocks;14.23;3.83;14.23;3.83
1693922400000;CEBR6.SA;14.62;14.62;14.62;14.62;14.62;500;14.24;2.68;50.46;ESTAVEL;2023-09-05 14:00:00;stocks;14.24;2.68;14.24;2.68
1693926000000;CEBR6.SA;14.7;14.77;14.7;14.77;14.77;0;14.24;3.7;54.08;ESTAVEL;2023-09-05 15:00:00;stocks;14.24;3.7;14.24;3.7
1693929600000;CEBR6.SA;14.78;14.78;14.78;14.78;14.78;200;14.25;3.73;54.32;ESTAVEL;2023-09-05 16:00:00;stocks;14.25;3.73;14.25;3.73
1693933200000;CEBR6.SA;14.78;14.87;14.78;14.87;14.87;900;14.26;4.31;56.51;ESTAVEL;2023-09-05 17:00:00;stocks;14.26;4.31;14.26;4.31
1693936800000;CEBR6.SA;14.87;14.87;14.87;14.87;14.87;100;14.26;4.27;56.51;ESTAVEL;2023-09-05 18:00:00;stocks;14.26;4.27;14.26;4.27
1693940400000;CEBR6.SA;14.74;14.9;14.74;14.9;14.9;1300;14.27;4.43;57.31;ESTAVEL;2023-09-05 19:00:00;stocks;14.27;4.43;14.27;4.43
1694005200000;CEBR6.SA;14.91;14.91;14.77;14.77;14.77;0;14.27;3.49;52.81;ESTAVEL;2023-09-06 13:00:00;stocks;14.27;3.49;14.27;3.49
1694008800000;CEBR6.SA;14.89;14.89;14.76;14.76;14.76;300;14.28;3.38;52.47;ESTAVEL;2023-09-06 14:00:00;stocks;14.28;3.38;14.28;3.38
1694016000000;CEBR6.SA;14.8;14.8;14.78;14.78;14.78;700;14.28;3.48;53.12;ESTAVEL;2023-09-06 16:00:00;stocks;14.28;3.48;14.28;3.48
1694019600000;CEBR6.SA;14.87;14.88;14.87;14.88;14.88;200;14.29;4.14;56.35;ESTAVEL;2023-09-06 17:00:00;stocks;14.29;4.14;14.29;4.14
1694023200000;CEBR6.SA;14.8;14.8;14.7;14.7;14.7;1500;14.29;2.85;49.72;ESTAVEL;2023-09-06 18:00:00;stocks;14.29;2.85;14.29;2.85
1694026800000;CEBR6.SA;14.71;14.9;14.62;14.7;14.7;1200;14.3;2.82;49.72;ESTAVEL;2023-09-06 19:00:00;stocks;14.3;2.82;14.3;2.82
1694178000000;CEBR6.SA;14.82;14.82;14.57;14.64;14.64;0;14.3;2.38;47.55;ESTAVEL;2023-09-08 13:00:00;stocks;14.3;2.38;14.3;2.38
1694181600000;CEBR6.SA;14.65;14.87;14.62;14.87;14.87;600;14.31;3.95;55.54;ESTAVEL;2023-09-08 14:00:00;stocks;14.31;3.95;14.31;3.95
1694188800000;CEBR6.SA;14.58;14.63;14.52;14.63;14.63;700;14.31;2.24;47.43;ESTAVEL;2023-09-08 16:00:00;stocks;14.31;2.24;14.31;2.24
1694192400000;CEBR6.SA;14.82;14.82;14.82;14.82;14.82;200;14.31;3.54;53.25;ESTAVEL;2023-09-08 17:00:00;stocks;14.31;3.54;14.31;3.54
1694196000000;CEBR6.SA;14.82;14.83;14.82;14.83;14.83;1000;14.32;3.57;53.54;ESTAVEL;2023-09-08 18:00:00;stocks;14.32;3.57;14.32;3.57
1694199600000;CEBR6.SA;14.75;14.85;14.74;14.74;14.74;700;14.32;2.91;50.49;ESTAVEL;2023-09-08 19:00:00;stocks;14.32;2.91;14.32;2.91
1694437200000;CEBR6.SA;14.84;14.9;14.66;14.9;14.9;0;14.33;3.99;55.36;ESTAVEL;2023-09-11 13:00:00;stocks;14.33;3.99;14.33;3.99
1694440800000;CEBR6.SA;15.0;15.0;15.0;15.0;15.0;300;14.34;4.63;58.13;ESTAVEL;2023-09-11 14:00:00;stocks;14.34;4.63;14.34;4.63
1694444400000;CEBR6.SA;15.01;15.01;14.9;14.9;14.9;400;14.34;3.9;54.49;ESTAVEL;2023-09-11 15:00:00;stocks;14.34;3.9;14.34;3.9
1694448000000;CEBR6.SA;14.92;14.92;14.9;14.9;14.9;4100;14.35;3.86;54.49;ESTAVEL;2023-09-11 16:00:00;stocks;14.35;3.86;14.35;3.86
1694451600000;CEBR6.SA;14.92;14.95;14.9;14.95;14.95;1200;14.35;4.16;56.09;ESTAVEL;2023-09-11 17:00:00;stocks;14.35;4.16;14.35;4.16
1694455200000;CEBR6.SA;14.9;15.0;14.9;15.0;15.0;2200;14.36;4.46;57.68;ESTAVEL;2023-09-11 18:00:00;stocks;14.36;4.46;14.36;4.46
1694458800000;CEBR6.SA;14.91;15.05;14.91;15.04;15.04;12700;14.37;4.69;58.97;ESTAVEL;2023-09-11 19:00:00;stocks;14.37;4.69;14.37;4.69
1694523600000;CEBR6.SA;15.1;15.1;15.1;15.1;15.1;0;14.37;5.06;60.89;ESTAVEL;2023-09-12 13:00:00;stocks;14.37;5.06;14.37;5.06
1694530800000;CEBR6.SA;15.09;15.09;15.02;15.02;15.02;600;14.38;4.45;57.06;ESTAVEL;2023-09-12 15:00:00;stocks;14.38;4.45;14.38;4.45
1694534400000;CEBR6.SA;15.05;15.07;15.05;15.07;15.07;700;14.39;4.75;58.8;ESTAVEL;2023-09-12 16:00:00;stocks;14.39;4.75;14.39;4.75
1694538000000;CEBR6.SA;15.04;15.04;15.01;15.01;15.01;3200;14.39;4.29;55.87;ESTAVEL;2023-09-12 17:00:00;stocks;14.39;4.29;14.39;4.29
1694610000000;CEBR6.SA;15.15;15.3;15.15;15.17;15.17;0;14.4;5.34;61.4;ESTAVEL;2023-09-13 13:00:00;stocks;14.4;5.34;14.4;5.34
1694613600000;CEBR6.SA;15.3;15.3;15.3;15.3;15.3;300;14.41;6.18;65.22;ESTAVEL;2023-09-13 14:00:00;stocks;14.41;6.18;14.41;6.18
1694617200000;CEBR6.SA;15.3;15.3;15.15;15.15;15.15;3200;14.42;5.09;58.08;ESTAVEL;2023-09-13 15:00:00;stocks;14.42;5.09;14.42;5.09
1694631600000;CEBR6.SA;15.12;15.15;15.12;15.15;15.15;4600;14.42;5.03;58.08;ESTAVEL;2023-09-13 19:00:00;stocks;14.42;5.03;14.42;5.03
1694696400000;CEBR6.SA;15.27;15.27;15.21;15.25;15.25;0;14.43;5.67;61.35;ESTAVEL;2023-09-14 13:00:00;stocks;14.43;5.67;14.43;5.67
1694700000000;CEBR6.SA;15.25;15.26;15.25;15.26;15.26;200;14.44;5.67;61.67;ESTAVEL;2023-09-14 14:00:00;stocks;14.44;5.67;14.44;5.67
1694707200000;CEBR6.SA;15.2;15.2;15.2;15.2;15.2;200;14.45;5.2;58.52;ESTAVEL;2023-09-14 16:00:00;stocks;14.45;5.2;14.45;5.2
1694718000000;CEBR6.SA;15.25;15.27;15.25;15.27;15.27;500;14.46;5.63;61.03;ESTAVEL;2023-09-14 19:00:00;stocks;14.46;5.63;14.46;5.63
1694782800000;CEBR6.SA;15.23;15.23;15.23;15.23;15.23;600;14.46;5.3;58.84;ESTAVEL;2023-09-15 13:00:00;stocks;14.46;5.3;14.46;5.3
1694786400000;CEBR6.SA;15.11;15.11;15.11;15.11;15.11;2000;14.47;4.42;52.74;ESTAVEL;2023-09-15 14:00:00;stocks;14.47;4.42;14.47;4.42
1694797200000;CEBR6.SA;15.19;15.22;15.19;15.22;15.22;1500;14.48;5.13;57.13;ESTAVEL;2023-09-15 17:00:00;stocks;14.48;5.13;14.48;5.13
1694804400000;CEBR6.SA;15.21;15.21;15.21;15.21;15.21;1200;14.49;5.0;56.61;ESTAVEL;2023-09-15 19:00:00;stocks;14.49;5.0;14.49;5.0
1695042000000;CEBR6.SA;15.21;15.21;15.21;15.21;15.21;0;14.49;4.95;56.61;ESTAVEL;2023-09-18 13:00:00;stocks;14.49;4.95;14.49;4.95
1695049200000;CEBR6.SA;15.1;15.1;15.1;15.1;15.1;300;14.5;4.15;50.78;ESTAVEL;2023-09-18 15:00:00;stocks;14.5;4.15;14.5;4.15
1695056400000;CEBR6.SA;15.2;15.2;15.2;15.2;15.2;200;14.51;4.79;55.29;ESTAVEL;2023-09-18 17:00:00;stocks;14.51;4.79;14.51;4.79
1695060000000;CEBR6.SA;15.19;15.19;15.19;15.19;15.19;100;14.51;4.67;54.75;ESTAVEL;2023-09-18 18:00:00;stocks;14.51;4.67;14.51;4.67
1695063600000;CEBR6.SA;15.18;15.23;15.0;15.23;15.23;4700;14.52;4.89;56.58;ESTAVEL;2023-09-18 19:00:00;stocks;14.52;4.89;14.52;4.89
1695128400000;CEBR6.SA;15.15;15.15;15.15;15.15;15.15;0;14.53;4.3;52.05;ESTAVEL;2023-09-19 13:00:00;stocks;14.53;4.3;14.53;4.3
1695132000000;CEBR6.SA;15.1;15.1;15.1;15.1;15.1;900;14.53;3.91;49.39;ESTAVEL;2023-09-19 14:00:00;stocks;14.53;3.91;14.53;3.91
1695135600000;CEBR6.SA;15.1;15.1;15.1;15.1;15.1;100;14.54;3.87;49.39;ESTAVEL;2023-09-19 15:00:00;stocks;14.54;3.87;14.54;3.87
1695139200000;CEBR6.SA;15.1;15.2;15.1;15.2;15.2;200;14.54;4.51;54.75;ESTAVEL;2023-09-19 16:00:00;stocks;14.54;4.51;14.54;4.51
1695142800000;CEBR6.SA;15.2;15.2;15.2;15.2;15.2;100;14.55;4.47;54.75;ESTAVEL;2023-09-19 17:00:00;stocks;14.55;4.47;14.55;4.47
1695146400000;CEBR6.SA;15.2;15.24;15.11;15.11;15.11;600;14.56;3.81;49.3;ESTAVEL;2023-09-19 18:00:00;stocks;14.56;3.81;14.56;3.81
1695150000000;CEBR6.SA;15.11;15.3;15.1;15.3;15.3;1300;14.56;5.06;58.66;ESTAVEL;2023-09-19 19:00:00;stocks;14.56;5.06;14.56;5.06
1695214800000;CEBR6.SA;15.28;15.28;15.28;15.28;15.28;0;14.57;4.87;57.46;ESTAVEL;2023-09-20 13:00:00;stocks;14.57;4.87;14.57;4.87
1695218400000;CEBR6.SA;15.15;15.15;15.15;15.15;15.15;100;14.58;3.94;50.25;ESTAVEL;2023-09-20 14:00:00;stocks;14.58;3.94;14.58;3.94
1695222000000;CEBR6.SA;15.28;15.28;15.23;15.23;15.23;400;14.58;4.44;54.07;ESTAVEL;2023-09-20 15:00:00;stocks;14.58;4.44;14.58;4.44
1695232800000;CEBR6.SA;15.28;15.3;15.13;15.13;15.13;6500;14.59;3.72;49.0;ESTAVEL;2023-09-20 18:00:00;stocks;14.59;3.72;14.59;3.72
1695236400000;CEBR6.SA;15.17;15.29;15.16;15.29;15.29;2000;14.59;4.76;56.09;ESTAVEL;2023-09-20 19:00:00;stocks;14.59;4.76;14.59;4.76
1695304800000;CEBR6.SA;14.98;14.98;14.98;14.98;14.98;3000;14.6;2.61;43.48;ESTAVEL;2023-09-21 14:00:00;stocks;14.6;2.61;14.6;2.61
1695308400000;CEBR6.SA;15.16;15.16;15.0;15.0;15.0;200;14.6;2.72;44.35;ESTAVEL;2023-09-21 15:00:00;stocks;14.6;2.72;14.6;2.72
1695312000000;CEBR6.SA;14.98;15.0;14.98;15.0;15.0;900;14.61;2.69;44.35;ESTAVEL;2023-09-21 16:00:00;stocks;14.61;2.69;14.61;2.69
1695315600000;CEBR6.SA;15.0;15.0;15.0;15.0;15.0;0;14.61;2.66;44.35;ESTAVEL;2023-09-21 17:00:00;stocks;14.61;2.66;14.61;2.66
1695322800000;CEBR6.SA;14.97;15.0;14.87;14.87;14.87;7700;14.61;1.76;39.43;ESTAVEL;2023-09-21 19:00:00;stocks;14.61;1.76;14.61;1.76
1695387600000;CEBR6.SA;15.05;15.28;15.05;15.28;15.28;0;14.62;4.52;56.01;ESTAVEL;2023-09-22 13:00:00;stocks;14.62;4.52;14.62;4.52
1695394800000;CEBR6.SA;15.28;15.28;15.28;15.28;15.28;100;14.63;4.47;56.01;ESTAVEL;2023-09-22 15:00:00;stocks;14.63;4.47;14.63;4.47
1695405600000;CEBR6.SA;15.01;15.01;15.01;15.01;15.01;300;14.63;2.6;46.32;ESTAVEL;2023-09-22 18:00:00;stocks;14.63;2.6;14.63;2.6
1695409200000;CEBR6.SA;15.01;15.01;15.0;15.0;15.0;1000;14.63;2.5;46.01;ESTAVEL;2023-09-22 19:00:00;stocks;14.63;2.5;14.63;2.5
1695646800000;CEBR6.SA;15.08;15.08;15.08;15.08;15.08;0;14.64;3.02;49.02;ESTAVEL;2023-09-25 13:00:00;stocks;14.64;3.02;14.64;3.02
1695650400000;CEBR6.SA;15.01;15.01;14.98;14.98;14.98;3800;14.64;2.31;45.6;ESTAVEL;2023-09-25 14:00:00;stocks;14.64;2.31;14.64;2.31
1695657600000;CEBR6.SA;14.99;14.99;14.99;14.99;14.99;200;14.65;2.35;46.0;ESTAVEL;2023-09-25 16:00:00;stocks;14.65;2.35;14.65;2.35
1695661200000;CEBR6.SA;14.99;15.0;14.99;15.0;15.0;200;14.65;2.4;46.43;ESTAVEL;2023-09-25 17:00:00;stocks;14.65;2.4;14.65;2.4
1695664800000;CEBR6.SA;14.98;15.0;14.92;15.0;15.0;800;14.65;2.37;46.43;ESTAVEL;2023-09-25 18:00:00;stocks;14.65;2.37;14.65;2.37
1695733200000;CEBR6.SA;14.66;14.73;14.66;14.73;14.73;0;14.65;0.53;37.16;ESTAVEL;2023-09-26 13:00:00;stocks;14.65;0.53;14.65;0.53
1695740400000;CEBR6.SA;14.99;15.0;14.99;15.0;15.0;500;14.66;2.34;48.28;ESTAVEL;2023-09-26 15:00:00;stocks;14.66;2.34;14.66;2.34
1695744000000;CEBR6.SA;15.0;15.18;15.0;15.11;15.11;1100;14.66;3.06;52.01;ESTAVEL;2023-09-26 16:00:00;stocks;14.66;3.06;14.66;3.06
1695747600000;CEBR6.SA;15.0;15.0;15.0;15.0;15.0;300;14.66;2.29;48.26;ESTAVEL;2023-09-26 17:00:00;stocks;14.66;2.29;14.66;2.29
1695751200000;CEBR6.SA;15.0;15.0;15.0;15.0;15.0;100;14.67;2.27;48.26;ESTAVEL;2023-09-26 18:00:00;stocks;14.67;2.27;14.67;2.27
1695819600000;CEBR6.SA;14.93;15.17;14.92;15.17;15.17;0;14.67;3.39;54.18;ESTAVEL;2023-09-27 13:00:00;stocks;14.67;3.39;14.67;3.39
1695823200000;CEBR6.SA;15.11;15.12;15.05;15.05;15.05;500;14.68;2.54;49.85;ESTAVEL;2023-09-27 14:00:00;stocks;14.68;2.54;14.68;2.54
1695826800000;CEBR6.SA;15.05;15.16;15.05;15.16;15.16;0;14.68;3.26;53.52;ESTAVEL;2023-09-27 15:00:00;stocks;14.68;3.26;14.68;3.26
1695830400000;CEBR6.SA;15.07;15.07;15.07;15.07;15.07;1500;14.69;2.62;50.27;ESTAVEL;2023-09-27 16:00:00;stocks;14.69;2.62;14.69;2.62
1695834000000;CEBR6.SA;15.07;15.13;15.0;15.1;15.1;1000;14.69;2.8;51.33;ESTAVEL;2023-09-27 17:00:00;stocks;14.69;2.8;14.69;2.8
1695837600000;CEBR6.SA;14.98;14.98;14.94;14.94;14.94;400;14.69;1.69;45.74;ESTAVEL;2023-09-27 18:00:00;stocks;14.69;1.69;14.69;1.69
1695841200000;CEBR6.SA;14.95;15.1;14.95;15.1;15.1;1700;14.7;2.75;51.44;ESTAVEL;2023-09-27 19:00:00;stocks;14.7;2.75;14.7;2.75
1695906000000;CEBR6.SA;15.09;15.09;15.09;15.09;15.09;0;14.7;2.65;51.08;ESTAVEL;2023-09-28 13:00:00;stocks;14.7;2.65;14.7;2.65
1695913200000;CEBR6.SA;15.02;15.07;15.0;15.07;15.07;400;14.7;2.49;50.32;ESTAVEL;2023-09-28 15:00:00;stocks;14.7;2.49;14.7;2.49
1695916800000;CEBR6.SA;15.07;15.1;15.07;15.1;15.1;1000;14.71;2.67;51.48;ESTAVEL;2023-09-28 16:00:00;stocks;14.71;2.67;14.71;2.67
1695920400000;CEBR6.SA;15.09;15.12;15.01;15.01;15.01;2600;14.71;2.04;47.85;ESTAVEL;2023-09-28 17:00:00;stocks;14.71;2.04;14.71;2.04
1695924000000;CEBR6.SA;15.24;15.24;15.22;15.22;15.22;3600;14.72;3.43;55.7;ESTAVEL;2023-09-28 18:00:00;stocks;14.72;3.43;14.72;3.43
1695927600000;CEBR6.SA;15.01;15.22;15.01;15.22;15.22;500;14.72;3.39;55.7;ESTAVEL;2023-09-28 19:00:00;stocks;14.72;3.39;14.72;3.39
1695992400000;CEBR6.SA;15.25;15.26;15.25;15.26;15.26;0;14.73;3.63;57.13;ESTAVEL;2023-09-29 13:00:00;stocks;14.73;3.63;14.73;3.63
1695996000000;CEBR6.SA;15.3;15.3;15.3;15.3;15.3;900;14.73;3.86;58.56;ESTAVEL;2023-09-29 14:00:00;stocks;14.73;3.86;14.73;3.86
1695999600000;CEBR6.SA;15.3;15.3;15.29;15.29;15.29;900;14.74;3.75;58.04;ESTAVEL;2023-09-29 15:00:00;stocks;14.74;3.75;14.74;3.75
1696006800000;CEBR6.SA;15.29;15.3;15.29;15.3;15.3;600;14.74;3.78;58.44;ESTAVEL;2023-09-29 17:00:00;stocks;14.74;3.78;14.74;3.78
1696010400000;CEBR6.SA;15.24;15.24;15.1;15.1;15.1;6200;14.75;2.4;48.48;ESTAVEL;2023-09-29 18:00:00;stocks;14.75;2.4;14.75;2.4
1696014000000;CEBR6.SA;15.06;15.1;15.03;15.1;15.1;1700;14.75;2.37;48.48;ESTAVEL;2023-09-29 19:00:00;stocks;14.75;2.37;14.75;2.37
1696251600000;CEBR6.SA;15.09;15.28;15.09;15.27;15.27;0;14.75;3.49;55.89;ESTAVEL;2023-10-02 13:00:00;stocks;14.75;3.49;14.75;3.49
1696255200000;CEBR6.SA;15.01;15.01;15.01;15.01;15.01;100;14.76;1.71;45.19;ESTAVEL;2023-10-02 14:00:00;stocks;14.76;1.71;14.76;1.71
1696258800000;CEBR6.SA;15.0;15.0;15.0;15.0;15.0;300;14.76;1.63;44.83;ESTAVEL;2023-10-02 15:00:00;stocks;14.76;1.63;14.76;1.63
1696262400000;CEBR6.SA;15.1;15.22;15.1;15.22;15.22;400;14.76;3.08;53.5;ESTAVEL;2023-10-02 16:00:00;stocks;14.76;3.08;14.76;3.08
1696266000000;CEBR6.SA;15.02;15.02;14.8;14.96;14.96;3800;14.77;1.31;44.59;ESTAVEL;2023-10-02 17:00:00;stocks;14.77;1.31;14.77;1.31
1696273200000;CEBR6.SA;14.96;14.96;14.96;14.96;14.96;200;14.77;1.3;44.59;ESTAVEL;2023-10-02 19:00:00;stocks;14.77;1.3;14.77;1.3
1696338000000;CEBR6.SA;15.11;15.11;15.05;15.1;15.1;0;14.77;2.22;49.81;ESTAVEL;2023-10-03 13:00:00;stocks;14.77;2.22;14.77;2.22
1696341600000;CEBR6.SA;15.04;15.04;15.04;15.04;15.04;300;14.77;1.8;47.73;ESTAVEL;2023-10-03 14:00:00;stocks;14.77;1.8;14.77;1.8
1696345200000;CEBR6.SA;14.93;14.93;14.81;14.81;14.81;600;14.77;0.24;40.72;ESTAVEL;2023-10-03 15:00:00;stocks;14.77;0.24;14.77;0.24
1696348800000;CEBR6.SA;14.81;14.91;14.81;14.91;14.91;200;14.78;0.91;44.54;ESTAVEL;2023-10-03 16:00:00;stocks;14.78;0.91;14.78;0.91
1696352400000;CEBR6.SA;14.8;14.8;14.79;14.79;14.79;500;14.78;0.09;41.12;ESTAVEL;2023-10-03 17:00:00;stocks;14.78;0.09;14.78;0.09
1696356000000;CEBR6.SA;14.8;14.8;14.8;14.8;14.8;700;14.78;0.16;41.52;ESTAVEL;2023-10-03 18:00:00;stocks;14.78;0.16;14.78;0.16
1696359600000;CEBR6.SA;14.78;14.9;14.78;14.9;14.9;300;14.78;0.83;45.53;ESTAVEL;2023-10-03 19:00:00;stocks;14.78;0.83;14.78;0.83
1696428000000;CEBR6.SA;14.7;14.7;14.59;14.69;14.69;500;14.78;-0.59;39.42;ESTAVEL;2023-10-04 14:00:00;stocks;14.78;-0.59;14.78;-0.59
1696435200000;CEBR6.SA;14.79;14.79;14.79;14.79;14.79;100;14.78;0.09;43.32;ESTAVEL;2023-10-04 16:00:00;stocks;14.78;0.09;14.78;0.09
1696438800000;CEBR6.SA;14.79;14.79;14.79;14.79;14.79;900;14.78;0.09;43.32;ESTAVEL;2023-10-04 17:00:00;stocks;14.78;0.09;14.78;0.09
1696442400000;CEBR6.SA;14.72;14.72;14.72;14.72;14.72;0;14.78;-0.38;41.17;ESTAVEL;2023-10-04 18:00:00;stocks;14.78;-0.38;14.78;-0.38
1696446000000;CEBR6.SA;14.97;14.97;14.97;14.97;14.97;300;14.78;1.3;50.61;ESTAVEL;2023-10-04 19:00:00;stocks;14.78;1.3;14.78;1.3
1696514400000;CEBR6.SA;14.85;14.99;14.85;14.99;14.99;1200;14.78;1.42;51.29;ESTAVEL;2023-10-05 14:00:00;stocks;14.78;1.42;14.78;1.42
1696521600000;CEBR6.SA;14.83;14.95;14.83;14.95;14.95;200;14.78;1.14;49.82;ESTAVEL;2023-10-05 16:00:00;stocks;14.78;1.14;14.78;1.14
1696525200000;CEBR6.SA;14.95;14.98;14.83;14.83;14.83;400;14.78;0.32;45.62;ESTAVEL;2023-10-05 17:00:00;stocks;14.78;0.32;14.78;0.32
1696528800000;CEBR6.SA;15.2;15.2;15.2;15.2;15.2;100;14.79;2.79;57.52;ESTAVEL;2023-10-05 18:00:00;stocks;14.79;2.79;14.79;2.79
1696600800000;CEBR6.SA;14.9;14.9;14.89;14.89;14.89;200;14.79;0.69;48.03;ESTAVEL;2023-10-06 14:00:00;stocks;14.79;0.69;14.79;0.69
1696604400000;CEBR6.SA;15.11;15.11;15.11;15.11;15.11;200;14.79;2.16;53.85;ESTAVEL;2023-10-06 15:00:00;stocks;14.79;2.16;14.79;2.16
1696608000000;CEBR6.SA;15.11;15.19;15.11;15.19;15.19;1000;14.8;2.67;55.79;ESTAVEL;2023-10-06 16:00:00;stocks;14.8;2.67;14.8;2.67
1696611600000;CEBR6.SA;15.19;15.19;15.19;15.19;15.19;200;14.8;2.64;55.79;ESTAVEL;2023-10-06 17:00:00;stocks;14.8;2.64;14.8;2.64
1696856400000;CEBR6.SA;15.28;15.28;15.28;15.28;15.28;0;14.8;3.22;58.09;ESTAVEL;2023-10-09 13:00:00;stocks;14.8;3.22;14.8;3.22
1696860000000;CEBR6.SA;14.81;15.07;14.81;14.81;14.81;300;14.8;0.04;44.95;ESTAVEL;2023-10-09 14:00:00;stocks;14.8;0.04;14.8;0.04
1696863600000;CEBR6.SA;14.82;14.82;14.81;14.81;14.81;1200;14.8;0.04;44.95;ESTAVEL;2023-10-09 15:00:00;stocks;14.8;0.04;14.8;0.04
1696867200000;CEBR6.SA;15.05;15.09;15.05;15.09;15.09;1000;14.81;1.91;52.39;ESTAVEL;2023-10-09 16:00:00;stocks;14.81;1.91;14.81;1.91
1696870800000;CEBR6.SA;14.93;14.93;14.87;14.87;14.87;900;14.81;0.42;47.02;ESTAVEL;2023-10-09 17:00:00;stocks;14.81;0.42;14.81;0.42
1696874400000;CEBR6.SA;15.1;15.1;15.1;15.1;15.1;100;14.81;1.96;52.5;ESTAVEL;2023-10-09 18:00:00;stocks;14.81;1.96;14.81;1.96
1696878000000;CEBR6.SA;15.1;15.1;15.01;15.01;15.01;800;14.81;1.34;50.31;ESTAVEL;2023-10-09 19:00:00;stocks;14.81;1.34;14.81;1.34
1696942800000;CEBR6.SA;15.28;15.28;15.12;15.12;15.12;0;14.82;2.06;52.9;ESTAVEL;2023-10-10 13:00:00;stocks;14.82;2.06;14.82;2.06
1696946400000;CEBR6.SA;15.26;15.27;15.26;15.27;15.27;1800;14.82;3.04;56.25;ESTAVEL;2023-10-10 14:00:00;stocks;14.82;3.04;14.82;3.04
1696950000000;CEBR6.SA;15.27;16.2;15.14;16.2;16.2;32100;14.83;9.21;70.34;CAIR;2023-10-10 15:00:00;stocks;14.83;9.21;14.83;9.21
1696953600000;CEBR6.SA;16.49;16.49;16.21;16.4;16.4;3200;14.85;10.44;72.4;CAIR;2023-10-10 16:00:00;stocks;14.85;10.44;14.85;10.44
1696957200000;CEBR6.SA;16.41;16.48;15.9;16.3;16.3;13200;14.86;9.66;69.79;ESTAVEL;2023-10-10 17:00:00;stocks;14.86;9.66;14.86;9.66
1696960800000;CEBR6.SA;16.12;16.17;15.85;15.85;15.85;1100;14.87;6.57;59.42;ESTAVEL;2023-10-10 18:00:00;stocks;14.87;6.57;14.87;6.57
1696964400000;CEBR6.SA;16.04;16.17;16.0;16.0;16.0;4400;14.88;7.49;61.47;ESTAVEL;2023-10-10 19:00:00;stocks;14.88;7.49;14.88;7.49
1697029200000;CEBR6.SA;16.0;17.19;16.0;17.19;17.19;0;14.91;15.31;73.11;CAIR;2023-10-11 13:00:00;stocks;14.91;15.31;14.91;15.31
1697032800000;CEBR6.SA;17.0;17.0;16.54;16.6;16.6;16000;14.92;11.23;62.96;ESTAVEL;2023-10-11 14:00:00;stocks;14.92;11.23;14.92;11.23
1697036400000;CEBR6.SA;16.62;16.62;16.5;16.5;16.5;3300;14.94;10.44;61.4;ESTAVEL;2023-10-11 15:00:00;stocks;14.94;10.44;14.94;10.44
1697040000000;CEBR6.SA;16.41;16.5;16.36;16.38;16.38;800;14.95;9.53;59.5;ESTAVEL;2023-10-11 16:00:00;stocks;14.95;9.53;14.95;9.53
1697043600000;CEBR6.SA;16.52;16.84;16.52;16.84;16.84;3000;14.97;12.47;64.09;ESTAVEL;2023-10-11 17:00:00;stocks;14.97;12.47;14.97;12.47
1697047200000;CEBR6.SA;16.84;17.0;16.61;17.0;17.0;10800;14.99;13.38;65.55;ESTAVEL;2023-10-11 18:00:00;stocks;14.99;13.38;14.99;13.38
1697050800000;CEBR6.SA;17.0;17.0;16.63;16.63;16.63;400;15.01;10.8;59.52;ESTAVEL;2023-10-11 19:00:00;stocks;15.01;10.8;15.01;10.8
1697202000000;CEBR6.SA;16.99;17.3;16.99;17.3;17.3;0;15.03;15.08;65.68;ESTAVEL;2023-10-13 13:00:00;stocks;15.03;15.08;15.03;15.08
1697205600000;CEBR6.SA;17.31;17.55;17.3;17.3;17.3;7900;15.05;14.91;65.68;ESTAVEL;2023-10-13 14:00:00;stocks;15.05;14.91;15.05;14.91
1697209200000;CEBR6.SA;17.31;17.59;17.03;17.17;17.17;1000;15.08;13.89;63.5;ESTAVEL;2023-10-13 15:00:00;stocks;15.08;13.89;15.08;13.89
1697212800000;CEBR6.SA;17.39;17.4;17.38;17.4;17.4;2100;15.1;15.24;65.67;ESTAVEL;2023-10-13 16:00:00;stocks;15.1;15.24;15.1;15.24
1697216400000;CEBR6.SA;17.4;17.41;17.17;17.4;17.4;4000;15.12;15.06;65.67;ESTAVEL;2023-10-13 17:00:00;stocks;15.12;15.06;15.12;15.06
1697220000000;CEBR6.SA;17.4;17.5;17.04;17.04;17.04;1800;15.14;12.54;59.28;ESTAVEL;2023-10-13 18:00:00;stocks;15.14;12.54;15.14;12.54
1697223600000;CEBR6.SA;17.12;17.37;17.12;17.33;17.33;1300;15.16;14.29;62.45;ESTAVEL;2023-10-13 19:00:00;stocks;15.16;14.29;15.16;14.29
1697461200000;CEBR6.SA;17.55;17.73;17.55;17.6;17.6;1000;15.19;15.89;65.17;ESTAVEL;2023-10-16 13:00:00;stocks;15.19;15.89;15.19;15.89
1697464800000;CEBR6.SA;17.63;17.63;17.02;17.08;17.08;7700;15.21;12.32;56.66;ESTAVEL;2023-10-16 14:00:00;stocks;15.21;12.32;15.21;12.32
1697468400000;CEBR6.SA;17.08;17.2;17.08;17.15;17.15;4500;15.23;12.64;57.47;ESTAVEL;2023-10-16 15:00:00;stocks;15.23;12.64;15.23;12.64
1697472000000;CEBR6.SA;17.15;17.34;17.15;17.34;17.34;1200;15.25;13.73;59.66;ESTAVEL;2023-10-16 16:00:00;stocks;15.25;13.73;15.25;13.73
1697475600000;CEBR6.SA;17.34;17.35;17.34;17.35;17.35;400;15.27;13.64;59.77;ESTAVEL;2023-10-16 17:00:00;stocks;15.27;13.64;15.27;13.64
1697479200000;CEBR6.SA;17.35;17.35;17.35;17.35;17.35;200;15.29;13.49;59.77;ESTAVEL;2023-10-16 18:00:00;stocks;15.29;13.49;15.29;13.49
1697482800000;CEBR6.SA;17.35;17.35;17.35;17.35;17.35;300;15.31;13.34;59.77;ESTAVEL;2023-10-16 19:00:00;stocks;15.31;13.34;15.31;13.34
1697547600000;CEBR6.SA;17.39;17.56;17.25;17.25;17.25;2400;15.33;12.54;57.68;ESTAVEL;2023-10-17 13:00:00;stocks;15.33;12.54;15.33;12.54
1697551200000;CEBR6.SA;17.29;17.3;17.29;17.29;17.29;3200;15.35;12.66;58.31;ESTAVEL;2023-10-17 14:00:00;stocks;15.35;12.66;15.35;12.66
1697554800000;CEBR6.SA;17.3;17.3;17.2;17.2;17.2;300;15.37;11.94;56.28;ESTAVEL;2023-10-17 15:00:00;stocks;15.37;11.94;15.37;11.94
1697558400000;CEBR6.SA;17.25;17.3;17.25;17.25;17.25;2100;15.38;12.13;57.17;ESTAVEL;2023-10-17 16:00:00;stocks;15.38;12.13;15.38;12.13
1697562000000;CEBR6.SA;17.21;17.3;17.19;17.3;17.3;800;15.4;12.31;58.09;ESTAVEL;2023-10-17 17:00:00;stocks;15.4;12.31;15.4;12.31
1697565600000;CEBR6.SA;17.3;17.3;17.2;17.23;17.23;1800;15.42;11.73;56.27;ESTAVEL;2023-10-17 18:00:00;stocks;15.42;11.73;15.42;11.73
1697569200000;CEBR6.SA;17.23;17.23;17.02;17.12;17.12;2200;15.44;10.89;53.43;ESTAVEL;2023-10-17 19:00:00;stocks;15.44;10.89;15.44;10.89
1697634000000;CEBR6.SA;17.12;17.2;17.12;17.2;17.2;1600;15.46;11.28;55.2;ESTAVEL;2023-10-18 13:00:00;stocks;15.46;11.28;15.46;11.28
1697637600000;CEBR6.SA;17.16;17.2;17.06;17.2;17.2;5000;15.47;11.16;55.2;ESTAVEL;2023-10-18 14:00:00;stocks;15.47;11.16;15.47;11.16
1697641200000;CEBR6.SA;17.11;17.12;17.11;17.12;17.12;300;15.49;10.52;52.87;ESTAVEL;2023-10-18 15:00:00;stocks;15.49;10.52;15.49;10.52
1697644800000;CEBR6.SA;17.12;17.19;17.11;17.19;17.19;2400;15.51;10.85;54.67;ESTAVEL;2023-10-18 16:00:00;stocks;15.51;10.85;15.51;10.85
1697648400000;CEBR6.SA;17.19;17.19;17.19;17.19;17.19;200;15.52;10.73;54.67;ESTAVEL;2023-10-18 17:00:00;stocks;15.52;10.73;15.52;10.73
1697652000000;CEBR6.SA;17.08;17.19;17.08;17.15;17.15;5500;15.54;10.36;53.32;ESTAVEL;2023-10-18 18:00:00;stocks;15.54;10.36;15.54;10.36
1697655600000;CEBR6.SA;17.15;17.15;17.1;17.15;17.15;2700;15.56;10.25;53.32;ESTAVEL;2023-10-18 19:00:00;stocks;15.56;10.25;15.56;10.25
1697720400000;CEBR6.SA;17.17;17.18;17.13;17.17;17.17;1400;15.57;10.26;53.98;ESTAVEL;2023-10-19 13:00:00;stocks;15.57;10.26;15.57;10.26
1697724000000;CEBR6.SA;17.17;17.2;17.07;17.07;17.07;6400;15.59;9.52;50.16;ESTAVEL;2023-10-19 14:00:00;stocks;15.59;9.52;15.59;9.52
1697727600000;CEBR6.SA;17.17;17.17;17.17;17.17;17.17;100;15.6;10.05;53.69;ESTAVEL;2023-10-19 15:00:00;stocks;15.6;10.05;15.6;10.05
1697731200000;CEBR6.SA;17.15;17.15;17.11;17.11;17.11;900;15.62;9.56;51.34;ESTAVEL;2023-10-19 16:00:00;stocks;15.62;9.56;15.62;9.56
1697734800000;CEBR6.SA;17.1;17.15;17.1;17.15;17.15;500;15.63;9.71;52.82;ESTAVEL;2023-10-19 17:00:00;stocks;15.63;9.71;15.63;9.71
1697738400000;CEBR6.SA;17.14;17.15;17.14;17.14;17.14;900;15.65;9.54;52.39;ESTAVEL;2023-10-19 18:00:00;stocks;15.65;9.54;15.65;9.54
1697742000000;CEBR6.SA;17.14;17.14;17.1;17.1;17.1;1400;15.66;9.18;50.62;ESTAVEL;2023-10-19 19:00:00;stocks;15.66;9.18;15.66;9.18
1697806800000;CEBR6.SA;17.15;17.15;17.0;17.0;17.0;800;15.68;8.45;46.39;ESTAVEL;2023-10-20 13:00:00;stocks;15.68;8.45;15.68;8.45
1697810400000;CEBR6.SA;17.08;17.08;17.02;17.08;17.08;2200;15.69;8.86;49.99;ESTAVEL;2023-10-20 14:00:00;stocks;15.69;8.86;15.69;8.86
1697814000000;CEBR6.SA;17.1;17.13;17.04;17.05;17.05;6000;15.7;8.58;48.67;ESTAVEL;2023-10-20 15:00:00;stocks;15.7;8.58;15.7;8.58
1697817600000;CEBR6.SA;17.05;17.25;17.05;17.25;17.25;2800;15.72;9.74;56.85;ESTAVEL;2023-10-20 16:00:00;stocks;15.72;9.74;15.72;9.74
1697821200000;CEBR6.SA;17.24;17.24;17.0;17.0;17.0;9200;15.73;8.07;46.81;ESTAVEL;2023-10-20 17:00:00;stocks;15.73;8.07;15.73;8.07
1697824800000;CEBR6.SA;17.15;17.15;17.15;17.15;17.15;100;15.75;8.92;52.26;ESTAVEL;2023-10-20 18:00:00;stocks;15.75;8.92;15.75;8.92
1697828400000;CEBR6.SA;17.13;17.13;16.9;16.9;16.9;3400;15.76;7.26;44.14;ESTAVEL;2023-10-20 19:00:00;stocks;15.76;7.26;15.76;7.26
1698066000000;CEBR6.SA;17.14;17.14;16.95;17.0;17.0;3200;15.77;7.81;47.65;ESTAVEL;2023-10-23 13:00:00;stocks;15.77;7.81;15.77;7.81
1698069600000;CEBR6.SA;17.0;17.0;17.0;17.0;17.0;600;15.78;7.72;47.65;ESTAVEL;2023-10-23 14:00:00;stocks;15.78;7.72;15.78;7.72
1698073200000;CEBR6.SA;17.0;17.0;16.95;17.0;17.0;2100;15.79;7.64;47.65;ESTAVEL;2023-10-23 15:00:00;stocks;15.79;7.64;15.79;7.64
1698076800000;CEBR6.SA;17.0;17.0;16.9;17.0;17.0;2800;15.81;7.56;47.65;ESTAVEL;2023-10-23 16:00:00;stocks;15.81;7.56;15.81;7.56
1698080400000;CEBR6.SA;17.0;17.0;16.99;16.99;16.99;1700;15.82;7.41;47.25;ESTAVEL;2023-10-23 17:00:00;stocks;15.82;7.41;15.82;7.41
1698084000000;CEBR6.SA;16.99;17.0;16.98;16.99;16.99;2500;15.83;7.33;47.25;ESTAVEL;2023-10-23 18:00:00;stocks;15.83;7.33;15.83;7.33
1698087600000;CEBR6.SA;16.99;16.99;16.8;16.96;16.96;4900;15.84;7.07;45.91;ESTAVEL;2023-10-23 19:00:00;stocks;15.84;7.07;15.84;7.07
1698152400000;CEBR6.SA;16.99;17.07;16.98;16.99;16.99;2400;15.85;7.18;47.51;ESTAVEL;2023-10-24 13:00:00;stocks;15.85;7.18;15.85;7.18
1698156000000;CEBR6.SA;16.99;16.99;16.4;16.9;16.9;28200;15.86;6.54;43.37;ESTAVEL;2023-10-24 14:00:00;stocks;15.86;6.54;15.86;6.54
1698159600000;CEBR6.SA;16.93;16.94;16.8;16.8;16.8;2600;15.87;5.85;39.27;ESTAVEL;2023-10-24 15:00:00;stocks;15.87;5.85;15.87;5.85
1698163200000;CEBR6.SA;16.8;16.8;16.7;16.77;16.77;6900;15.88;5.6;38.11;ESTAVEL;2023-10-24 16:00:00;stocks;15.88;5.6;15.88;5.6
1698166800000;CEBR6.SA;16.75;16.78;16.75;16.78;16.78;2000;15.89;5.61;38.76;ESTAVEL;2023-10-24 17:00:00;stocks;15.89;5.61;15.89;5.61
1698170400000;CEBR6.SA;16.78;16.78;16.78;16.78;16.78;500;15.9;5.55;38.76;ESTAVEL;2023-10-24 18:00:00;stocks;15.9;5.55;15.9;5.55
1698174000000;CEBR6.SA;16.76;16.78;16.7;16.73;16.73;4200;15.91;5.18;36.54;ESTAVEL;2023-10-24 19:00:00;stocks;15.91;5.18;15.91;5.18
1698238800000;CEBR6.SA;16.79;16.84;16.79;16.83;16.83;900;15.92;5.74;43.53;ESTAVEL;2023-10-25 13:00:00;stocks;15.92;5.74;15.92;5.74
1698242400000;CEBR6.SA;16.72;16.72;16.64;16.65;16.65;2100;15.92;4.57;35.87;ESTAVEL;2023-10-25 14:00:00;stocks;15.92;4.57;15.92;4.57
1698246000000;CEBR6.SA;16.65;16.79;16.65;16.79;16.79;600;15.93;5.39;44.1;ESTAVEL;2023-10-25 15:00:00;stocks;15.93;5.39;15.93;5.39
1698249600000;CEBR6.SA;16.75;16.75;16.66;16.69;16.69;1300;15.94;4.71;40.14;ESTAVEL;2023-10-25 16:00:00;stocks;15.94;4.71;15.94;4.71
1698253200000;CEBR6.SA;16.69;16.9;16.69;16.9;16.9;3400;15.95;5.96;50.25;ESTAVEL;2023-10-25 17:00:00;stocks;15.95;5.96;15.95;5.96
1698256800000;CEBR6.SA;16.76;17.09;16.76;16.89;16.89;1200;15.96;5.84;49.82;ESTAVEL;2023-10-25 18:00:00;stocks;15.96;5.84;15.96;5.84
1698260400000;CEBR6.SA;16.89;17.25;16.89;17.24;17.24;2300;15.97;7.95;62.1;ESTAVEL;2023-10-25 19:00:00;stocks;15.97;7.95;15.97;7.95
1698325200000;CEBR6.SA;17.39;17.39;17.25;17.25;17.25;600;15.98;7.92;62.38;ESTAVEL;2023-10-26 13:00:00;stocks;15.98;7.92;15.98;7.92
1698328800000;CEBR6.SA;17.25;17.25;17.25;17.25;17.25;300;16.0;7.84;62.38;ESTAVEL;2023-10-26 14:00:00;stocks;16.0;7.84;16.0;7.84
1698332400000;CEBR6.SA;17.1;17.5;17.1;17.5;17.5;7200;16.01;9.3;69.08;ESTAVEL;2023-10-26 15:00:00;stocks;16.01;9.3;16.01;9.3
1698336000000;CEBR6.SA;17.37;17.37;17.14;17.14;17.14;1500;16.02;6.98;54.13;ESTAVEL;2023-10-26 16:00:00;stocks;16.02;6.98;16.02;6.98
1698339600000;CEBR6.SA;17.17;17.17;17.15;17.15;17.15;500;16.03;6.96;54.43;ESTAVEL;2023-10-26 17:00:00;stocks;16.03;6.96;16.03;6.96
1698343200000;CEBR6.SA;17.16;17.16;17.15;17.15;17.15;0;16.04;6.89;54.43;ESTAVEL;2023-10-26 18:00:00;stocks;16.04;6.89;16.04;6.89
1698346800000;CEBR6.SA;17.25;17.36;17.25;17.36;17.36;13000;16.06;8.11;60.6;ESTAVEL;2023-10-26 19:00:00;stocks;16.06;8.11;16.06;8.11
1698411600000;CEBR6.SA;17.35;17.49;17.23;17.29;17.29;6000;16.07;7.59;57.79;ESTAVEL;2023-10-27 13:00:00;stocks;16.07;7.59;16.07;7.59
1698415200000;CEBR6.SA;17.27;17.27;17.24;17.24;17.24;4700;16.08;7.2;55.8;ESTAVEL;2023-10-27 14:00:00;stocks;16.08;7.2;16.08;7.2
1698418800000;CEBR6.SA;17.26;17.26;17.26;17.26;17.26;200;16.09;7.25;56.45;ESTAVEL;2023-10-27 15:00:00;stocks;16.09;7.25;16.09;7.25
1698422400000;CEBR6.SA;17.25;17.3;17.25;17.3;17.3;900;16.11;7.42;57.77;ESTAVEL;2023-10-27 16:00:00;stocks;16.11;7.42;16.11;7.42
1698426000000;CEBR6.SA;17.31;17.31;17.31;17.31;17.31;100;16.12;7.4;58.12;ESTAVEL;2023-10-27 17:00:00;stocks;16.12;7.4;16.12;7.4
1698429600000;CEBR6.SA;17.33;17.41;17.31;17.41;17.41;1900;16.13;7.93;61.5;ESTAVEL;2023-10-27 18:00:00;stocks;16.13;7.93;16.13;7.93
1698433200000;CEBR6.SA;17.42;17.42;17.42;17.42;17.42;100;16.14;7.91;61.83;ESTAVEL;2023-10-27 19:00:00;stocks;16.14;7.91;16.14;7.91
1698670800000;CEBR6.SA;17.61;18.51;17.61;18.05;18.05;4200;16.16;11.68;75.91;CAIR;2023-10-30 13:00:00;stocks;16.16;11.68;16.16;11.68
1698674400000;CEBR6.SA;17.86;18.05;17.81;17.81;17.81;2000;16.18;10.08;65.93;ESTAVEL;2023-10-30 14:00:00;stocks;16.18;10.08;16.18;10.08
1698678000000;CEBR6.SA;17.8;17.8;17.68;17.68;17.68;1000;16.19;9.18;61.24;ESTAVEL;2023-10-30 15:00:00;stocks;16.19;9.18;16.19;9.18
1698681600000;CEBR6.SA;17.7;17.71;17.4;17.62;17.62;2700;16.21;8.71;59.14;ESTAVEL;2023-10-30 16:00:00;stocks;16.21;8.71;16.21;8.71
1698685200000;CEBR6.SA;17.48;17.49;17.45;17.45;17.45;2600;16.22;7.58;53.56;ESTAVEL;2023-10-30 17:00:00;stocks;16.22;7.58;16.22;7.58
1698688800000;CEBR6.SA;17.46;17.46;17.45;17.46;17.46;400;16.23;7.56;53.83;ESTAVEL;2023-10-30 18:00:00;stocks;16.23;7.56;16.23;7.56
1698692400000;CEBR6.SA;17.62;17.62;17.51;17.53;17.53;1300;16.25;7.91;55.81;ESTAVEL;2023-10-30 19:00:00;stocks;16.25;7.91;16.25;7.91
1698757200000;CEBR6.SA;17.55;17.78;17.34;17.76;17.76;100;16.26;9.22;61.64;ESTAVEL;2023-10-31 13:00:00;stocks;16.26;9.22;16.26;9.22
1698760800000;CEBR6.SA;17.41;17.41;17.4;17.41;17.41;500;16.27;7.0;50.69;ESTAVEL;2023-10-31 14:00:00;stocks;16.27;7.0;16.27;7.0
1698764400000;CEBR6.SA;17.55;17.55;17.0;17.0;17.0;2600;16.28;4.43;41.41;ESTAVEL;2023-10-31 15:00:00;stocks;16.28;4.43;16.28;4.43
1698768000000;CEBR6.SA;17.39;17.45;17.39;17.45;17.45;200;16.29;7.12;51.83;ESTAVEL;2023-10-31 16:00:00;stocks;16.29;7.12;16.29;7.12
1698771600000;CEBR6.SA;17.28;17.28;17.2;17.2;17.2;700;16.3;5.52;46.85;ESTAVEL;2023-10-31 17:00:00;stocks;16.3;5.52;16.3;5.52
1698775200000;CEBR6.SA;17.37;17.37;17.37;17.37;17.37;100;16.31;6.5;50.34;ESTAVEL;2023-10-31 18:00:00;stocks;16.31;6.5;16.31;6.5
1698778800000;CEBR6.SA;17.36;17.37;17.2;17.2;17.2;1500;16.32;5.4;47.01;ESTAVEL;2023-10-31 19:00:00;stocks;16.32;5.4;16.32;5.4
1698843600000;CEBR6.SA;17.25;17.46;17.25;17.41;17.41;7600;16.33;6.61;51.3;ESTAVEL;2023-11-01 13:00:00;stocks;16.33;6.61;16.33;6.61
1698847200000;CEBR6.SA;17.35;17.37;17.23;17.37;17.37;700;16.34;6.3;50.46;ESTAVEL;2023-11-01 14:00:00;stocks;16.34;6.3;16.34;6.3
1698850800000;CEBR6.SA;17.37;17.38;17.02;17.02;17.02;5400;16.35;4.12;43.73;ESTAVEL;2023-11-01 15:00:00;stocks;16.35;4.12;16.35;4.12
1698854400000;CEBR6.SA;17.08;17.25;17.08;17.25;17.25;800;16.36;5.47;48.59;ESTAVEL;2023-11-01 16:00:00;stocks;16.36;5.47;16.36;5.47
1698858000000;CEBR6.SA;17.23;17.23;17.17;17.23;17.23;400;16.36;5.29;48.2;ESTAVEL;2023-11-01 17:00:00;stocks;16.36;5.29;16.36;5.29
1698861600000;CEBR6.SA;17.22;17.22;17.22;17.22;17.22;800;16.37;5.17;47.99;ESTAVEL;2023-11-01 18:00:00;stocks;16.37;5.17;16.37;5.17
1698865200000;CEBR6.SA;17.22;17.3;17.22;17.3;17.3;3800;16.38;5.6;49.84;ESTAVEL;2023-11-01 19:00:00;stocks;16.38;5.6;16.38;5.6
1699016400000;CEBR6.SA;16.22;16.22;15.02;15.83;15.83;11000;16.38;-3.34;29.22;SUBIR;2023-11-03 13:00:00;stocks;16.38;-3.34;16.38;-3.34
1699020000000;CEBR6.SA;15.97;15.97;15.59;15.7;15.7;4000;16.37;-4.09;28.11;SUBIR;2023-11-03 14:00:00;stocks;16.37;-4.09;16.37;-4.09
1699023600000;CEBR6.SA;15.7;15.99;15.6;15.78;15.78;8600;16.36;-3.57;29.87;SUBIR;2023-11-03 15:00:00;stocks;16.36;-3.57;16.36;-3.57
1699027200000;CEBR6.SA;15.78;15.88;15.5;15.5;15.5;4900;16.36;-5.23;27.34;SUBIR;2023-11-03 16:00:00;stocks;16.36;-5.23;16.36;-5.23
1699030800000;CEBR6.SA;15.69;15.7;15.66;15.7;15.7;1700;16.35;-3.97;31.78;ESTAVEL;2023-11-03 17:00:00;stocks;16.35;-3.97;16.35;-3.97
1699038000000;CEBR6.SA;15.67;15.67;15.38;15.4;15.4;9600;16.34;-5.75;28.93;SUBIR;2023-11-03 19:00:00;stocks;16.34;-5.75;16.34;-5.75
1699275600000;CEBR6.SA;15.17;15.9;15.11;15.31;15.31;8300;16.33;-6.24;28.11;SUBIR;2023-11-06 13:00:00;stocks;16.33;-6.24;16.33;-6.24
1699279200000;CEBR6.SA;15.59;15.59;15.54;15.54;15.54;1200;16.32;-4.79;33.29;ESTAVEL;2023-11-06 14:00:00;stocks;16.32;-4.79;16.32;-4.79
1699282800000;CEBR6.SA;15.51;15.51;15.49;15.49;15.49;1500;16.31;-5.05;32.74;ESTAVEL;2023-11-06 15:00:00;stocks;16.31;-5.05;16.31;-5.05
1699286400000;CEBR6.SA;15.49;15.59;15.48;15.59;15.59;600;16.31;-4.39;35.06;ESTAVEL;2023-11-06 16:00:00;stocks;16.31;-4.39;16.31;-4.39
1699290000000;CEBR6.SA;15.51;15.59;15.51;15.55;15.55;4600;16.3;-4.59;34.54;ESTAVEL;2023-11-06 17:00:00;stocks;16.3;-4.59;16.3;-4.59
1699293600000;CEBR6.SA;15.6;15.6;15.53;15.53;15.53;2900;16.29;-4.67;34.27;ESTAVEL;2023-11-06 18:00:00;stocks;16.29;-4.67;16.29;-4.67
1699297200000;CEBR6.SA;15.53;15.53;15.12;15.17;15.17;5600;16.28;-6.82;29.76;SUBIR;2023-11-06 19:00:00;stocks;16.28;-6.82;16.28;-6.82
1699362000000;CEBR6.SA;15.94;16.1;15.83;15.83;15.83;600;16.28;-2.74;44.25;ESTAVEL;2023-11-07 13:00:00;stocks;16.28;-2.74;16.28;-2.74
1699365600000;CEBR6.SA;15.8;15.83;15.4;15.4;15.4;2400;16.27;-5.33;38.66;ESTAVEL;2023-11-07 14:00:00;stocks;16.27;-5.33;16.27;-5.33
1699369200000;CEBR6.SA;15.4;15.68;15.29;15.68;15.68;4600;16.26;-3.57;43.65;ESTAVEL;2023-11-07 15:00:00;stocks;16.26;-3.57;16.26;-3.57
1699372800000;CEBR6.SA;15.7;15.81;15.48;15.5;15.5;5600;16.25;-4.64;41.32;ESTAVEL;2023-11-07 16:00:00;stocks;16.25;-4.64;16.25;-4.64
1699376400000;CEBR6.SA;15.7;15.79;15.6;15.6;15.6;500;16.25;-3.98;43.14;ESTAVEL;2023-11-07 17:00:00;stocks;16.25;-3.98;16.25;-3.98
1699380000000;CEBR6.SA;15.63;15.65;15.61;15.65;15.65;1700;16.24;-3.64;44.07;ESTAVEL;2023-11-07 18:00:00;stocks;16.24;-3.64;16.24;-3.64
1699383600000;CEBR6.SA;15.62;15.63;15.42;15.45;15.45;4100;16.23;-4.82;41.16;ESTAVEL;2023-11-07 19:00:00;stocks;16.23;-4.82;16.23;-4.82
1699448400000;CEBR6.SA;15.84;15.84;15.84;15.84;15.84;0;16.23;-2.4;48.32;ESTAVEL;2023-11-08 13:00:00;stocks;16.23;-2.4;16.23;-2.4
1699452000000;CEBR6.SA;15.77;15.77;15.76;15.76;15.76;1600;16.22;-2.86;47.06;ESTAVEL;2023-11-08 14:00:00;stocks;16.22;-2.86;16.22;-2.86
1699455600000;CEBR6.SA;15.76;15.79;15.76;15.79;15.79;1600;16.22;-2.65;47.61;ESTAVEL;2023-11-08 15:00:00;stocks;16.22;-2.65;16.22;-2.65
1699459200000;CEBR6.SA;15.79;15.8;15.79;15.8;15.8;400;16.22;-2.57;47.81;ESTAVEL;2023-11-08 16:00:00;stocks;16.22;-2.57;16.22;-2.57
1699462800000;CEBR6.SA;15.79;15.8;15.79;15.8;15.8;1400;16.21;-2.54;47.81;ESTAVEL;2023-11-08 17:00:00;stocks;16.21;-2.54;16.21;-2.54
1699466400000;CEBR6.SA;15.84;15.85;15.74;15.74;15.74;1200;16.21;-2.88;46.59;ESTAVEL;2023-11-08 18:00:00;stocks;16.21;-2.88;16.21;-2.88
1699534800000;CEBR6.SA;15.94;15.95;15.94;15.95;15.95;2000;16.2;-1.57;51.25;ESTAVEL;2023-11-09 13:00:00;stocks;16.2;-1.57;16.2;-1.57
1699538400000;CEBR6.SA;15.86;16.17;15.85;16.17;16.17;1000;16.2;-0.21;55.62;ESTAVEL;2023-11-09 14:00:00;stocks;16.2;-0.21;16.2;-0.21
1699542000000;CEBR6.SA;16.17;16.17;16.17;16.17;16.17;100;16.2;-0.21;55.62;ESTAVEL;2023-11-09 15:00:00;stocks;16.2;-0.21;16.2;-0.21
1699545600000;CEBR6.SA;16.19;16.19;16.19;16.19;16.19;400;16.2;-0.08;56.04;ESTAVEL;2023-11-09 16:00:00;stocks;16.2;-0.08;16.2;-0.08
1699549200000;CEBR6.SA;16.18;16.23;16.18;16.22;16.22;1400;16.2;0.1;56.69;ESTAVEL;2023-11-09 17:00:00;stocks;16.2;0.1;16.2;0.1
1699552800000;CEBR6.SA;16.19;16.55;16.04;16.04;16.04;1200;16.2;-1.0;51.71;ESTAVEL;2023-11-09 18:00:00;stocks;16.2;-1.0;16.2;-1.0
1699556400000;CEBR6.SA;16.15;16.49;16.04;16.49;16.49;1500;16.21;1.76;60.95;ESTAVEL;2023-11-09 19:00:00;stocks;16.21;1.76;16.21;1.76
1699621200000;CEBR6.SA;16.48;16.82;16.48;16.58;16.58;3000;16.21;2.29;62.49;ESTAVEL;2023-11-10 13:00:00;stocks;16.21;2.29;16.21;2.29
1699624800000;CEBR6.SA;16.59;16.59;16.5;16.5;16.5;200;16.21;1.78;60.21;ESTAVEL;2023-11-10 14:00:00;stocks;16.21;1.78;16.21;1.78
1699628400000;CEBR6.SA;16.57;16.58;16.45;16.58;16.58;700;16.22;2.25;61.72;ESTAVEL;2023-11-10 15:00:00;stocks;16.22;2.25;16.22;2.25
1699632000000;CEBR6.SA;16.58;16.58;16.58;16.58;16.58;400;16.22;2.23;61.72;ESTAVEL;2023-11-10 16:00:00;stocks;16.22;2.23;16.22;2.23
1699635600000;CEBR6.SA;16.58;16.58;16.01;16.53;16.53;2100;16.22;1.9;60.07;ESTAVEL;2023-11-10 17:00:00;stocks;16.22;1.9;16.22;1.9
1699639200000;CEBR6.SA;16.25;16.26;16.25;16.25;16.25;1000;16.22;0.17;51.75;ESTAVEL;2023-11-10 18:00:00;stocks;16.22;0.17;16.22;0.17
1699642800000;CEBR6.SA;16.27;16.48;16.24;16.48;16.48;1500;16.23;1.57;57.02;ESTAVEL;2023-11-10 19:00:00;stocks;16.23;1.57;16.23;1.57
1699880400000;CEBR6.SA;16.5;16.82;15.76;16.21;16.21;1100;16.22;-0.09;50.1;ESTAVEL;2023-11-13 13:00:00;stocks;16.22;-0.09;16.22;-0.09
1699884000000;CEBR6.SA;16.4;16.4;16.4;16.4;16.4;100;16.23;1.07;54.3;ESTAVEL;2023-11-13 14:00:00;stocks;16.23;1.07;16.23;1.07
1699887600000;CEBR6.SA;16.58;16.58;16.43;16.43;16.43;200;16.23;1.24;54.95;ESTAVEL;2023-11-13 15:00:00;stocks;16.23;1.24;16.23;1.24
1699891200000;CEBR6.SA;16.43;16.73;16.43;16.73;16.73;3500;16.23;3.06;60.89;ESTAVEL;2023-11-13 16:00:00;stocks;16.23;3.06;16.23;3.06
1699894800000;CEBR6.SA;16.72;16.73;16.7;16.7;16.7;1400;16.24;2.84;60.04;ESTAVEL;2023-11-13 17:00:00;stocks;16.24;2.84;16.24;2.84
1699898400000;CEBR6.SA;16.69;16.72;16.69;16.69;16.69;700;16.24;2.75;59.74;ESTAVEL;2023-11-13 18:00:00;stocks;16.24;2.75;16.24;2.75
1699902000000;CEBR6.SA;16.74;16.79;16.59;16.59;16.59;2600;16.25;2.12;56.68;ESTAVEL;2023-11-13 19:00:00;stocks;16.25;2.12;16.25;2.12
1699966800000;CEBR6.SA;16.92;16.92;16.92;16.92;16.92;0;16.25;4.1;63.34;ESTAVEL;2023-11-14 13:00:00;stocks;16.25;4.1;16.25;4.1
1699970400000;CEBR6.SA;16.84;16.84;16.84;16.84;16.84;100;16.26;3.58;60.9;ESTAVEL;2023-11-14 14:00:00;stocks;16.26;3.58;16.26;3.58
1699974000000;CEBR6.SA;16.85;16.89;16.75;16.75;16.75;4000;16.26;2.99;58.18;ESTAVEL;2023-11-14 15:00:00;stocks;16.26;2.99;16.26;2.99
1699977600000;CEBR6.SA;16.7;16.7;16.65;16.65;16.65;600;16.27;2.35;55.23;ESTAVEL;2023-11-14 16:00:00;stocks;16.27;2.35;16.27;2.35
1699981200000;CEBR6.SA;16.7;16.87;16.7;16.77;16.77;1000;16.27;3.06;57.98;ESTAVEL;2023-11-14 17:00:00;stocks;16.27;3.06;16.27;3.06
1699984800000;CEBR6.SA;16.78;16.79;16.63;16.63;16.63;900;16.28;2.17;53.82;ESTAVEL;2023-11-14 18:00:00;stocks;16.28;2.17;16.28;2.17
1699988400000;CEBR6.SA;16.78;16.78;16.65;16.68;16.68;1800;16.28;2.46;55.06;ESTAVEL;2023-11-14 19:00:00;stocks;16.28;2.46;16.28;2.46
1700139600000;CEBR6.SA;16.22;16.6;16.22;16.6;16.6;2000;16.28;1.95;52.62;ESTAVEL;2023-11-16 13:00:00;stocks;16.28;1.95;16.28;1.95
1700143200000;CEBR6.SA;16.56;16.7;16.5;16.69;16.69;10100;16.29;2.47;55.03;ESTAVEL;2023-11-16 14:00:00;stocks;16.29;2.47;16.29;2.47
1700146800000;CEBR6.SA;16.69;16.81;16.69;16.81;16.81;2500;16.29;3.18;58.1;ESTAVEL;2023-11-16 15:00:00;stocks;16.29;3.18;16.29;3.18
1700150400000;CEBR6.SA;16.78;16.8;16.62;16.78;16.78;2500;16.3;2.96;57.05;ESTAVEL;2023-11-16 16:00:00;stocks;16.3;2.96;16.3;2.96
1700154000000;CEBR6.SA;16.7;16.75;16.7;16.75;16.75;1800;16.3;2.75;55.97;ESTAVEL;2023-11-16 17:00:00;stocks;16.3;2.75;16.3;2.75
1700161200000;CEBR6.SA;16.73;16.77;16.73;16.73;16.73;4900;16.31;2.6;55.21;ESTAVEL;2023-11-16 19:00:00;stocks;16.31;2.6;16.31;2.6
1700226000000;CEBR6.SA;16.56;16.88;16.56;16.87;16.87;1500;16.31;3.42;59.34;ESTAVEL;2023-11-17 13:00:00;stocks;16.31;3.42;16.31;3.42
1700229600000;CEBR6.SA;16.71;16.88;16.71;16.88;16.88;1800;16.32;3.45;59.63;ESTAVEL;2023-11-17 14:00:00;stocks;16.32;3.45;16.32;3.45
1700233200000;CEBR6.SA;16.89;16.89;16.73;16.73;16.73;200;16.32;2.5;53.54;ESTAVEL;2023-11-17 15:00:00;stocks;16.32;2.5;16.32;2.5
1700240400000;CEBR6.SA;16.82;16.89;16.82;16.89;16.89;1300;16.33;3.45;58.41;ESTAVEL;2023-11-17 17:00:00;stocks;16.33;3.45;16.33;3.45
1700244000000;CEBR6.SA;16.89;16.89;16.88;16.88;16.88;800;16.33;3.35;58.0;ESTAVEL;2023-11-17 18:00:00;stocks;16.33;3.35;16.33;3.35
1700247600000;CEBR6.SA;16.88;16.89;16.57;16.57;16.57;11500;16.33;1.44;47.0;ESTAVEL;2023-11-17 19:00:00;stocks;16.33;1.44;16.33;1.44
1700485200000;CEBR6.SA;16.57;16.62;16.57;16.6;16.6;500;16.34;1.61;48.03;ESTAVEL;2023-11-20 13:00:00;stocks;16.34;1.61;16.34;1.61
1700488800000;CEBR6.SA;16.8;16.92;16.71;16.92;16.92;1300;16.34;3.53;57.49;ESTAVEL;2023-11-20 14:00:00;stocks;16.34;3.53;16.34;3.53
1700492400000;CEBR6.SA;16.92;16.92;16.82;16.82;16.82;1900;16.35;2.89;54.17;ESTAVEL;2023-11-20 15:00:00;stocks;16.35;2.89;16.35;2.89
1700496000000;CEBR6.SA;16.8;16.81;16.8;16.81;16.81;1400;16.35;2.8;53.84;ESTAVEL;2023-11-20 16:00:00;stocks;16.35;2.8;16.35;2.8
1700499600000;CEBR6.SA;16.81;16.91;16.81;16.91;16.91;200;16.36;3.37;56.72;ESTAVEL;2023-11-20 17:00:00;stocks;16.36;3.37;16.36;3.37
1700503200000;CEBR6.SA;16.91;16.91;16.76;16.76;16.76;1800;16.36;2.43;51.52;ESTAVEL;2023-11-20 18:00:00;stocks;16.36;2.43;16.36;2.43
1700506800000;CEBR6.SA;16.85;16.85;16.85;16.85;16.85;2300;16.37;2.95;54.23;ESTAVEL;2023-11-20 19:00:00;stocks;16.37;2.95;16.37;2.95
1700571600000;CEBR6.SA;16.8;16.8;16.75;16.8;16.8;600;16.37;2.62;52.48;ESTAVEL;2023-11-21 13:00:00;stocks;16.37;2.62;16.37;2.62
1700575200000;CEBR6.SA;16.79;16.79;16.75;16.75;16.75;500;16.38;2.29;50.71;ESTAVEL;2023-11-21 14:00:00;stocks;16.38;2.29;16.38;2.29
1700578800000;CEBR6.SA;16.75;16.75;16.75;16.75;16.75;300;16.38;2.27;50.71;ESTAVEL;2023-11-21 15:00:00;stocks;16.38;2.27;16.38;2.27
1700582400000;CEBR6.SA;16.76;16.76;16.75;16.75;16.75;800;16.38;2.24;50.71;ESTAVEL;2023-11-21 16:00:00;stocks;16.38;2.24;16.38;2.24
1700586000000;CEBR6.SA;16.75;16.8;16.75;16.8;16.8;6100;16.39;2.52;52.7;ESTAVEL;2023-11-21 17:00:00;stocks;16.39;2.52;16.39;2.52
1700589600000;CEBR6.SA;16.81;16.89;16.61;16.89;16.89;3700;16.39;3.04;56.13;ESTAVEL;2023-11-21 18:00:00;stocks;16.39;3.04;16.39;3.04
1700593200000;CEBR6.SA;16.65;16.65;16.65;16.65;16.65;100;16.39;1.56;46.45;ESTAVEL;2023-11-21 19:00:00;stocks;16.39;1.56;16.39;1.56
1700658000000;CEBR6.SA;16.94;16.94;16.5;16.5;16.5;1800;16.4;0.64;41.62;ESTAVEL;2023-11-22 13:00:00;stocks;16.4;0.64;16.4;0.64
1700661600000;CEBR6.SA;16.72;16.72;16.34;16.71;16.71;7500;16.4;1.9;49.53;ESTAVEL;2023-11-22 14:00:00;stocks;16.4;1.9;16.4;1.9
1700665200000;CEBR6.SA;16.5;16.63;16.5;16.63;16.63;1700;16.4;1.4;46.93;ESTAVEL;2023-11-22 15:00:00;stocks;16.4;1.4;16.4;1.4
1700668800000;CEBR6.SA;16.44;16.44;16.43;16.43;16.43;700;16.4;0.18;41.1;ESTAVEL;2023-11-22 16:00:00;stocks;16.4;0.18;16.4;0.18
1700672400000;CEBR6.SA;16.46;16.46;16.4;16.4;16.4;3200;16.4;-0.01;40.29;ESTAVEL;2023-11-22 17:00:00;stocks;16.4;-0.01;16.4;-0.01
1700676000000;CEBR6.SA;16.4;16.66;16.4;16.66;16.66;700;16.4;1.56;49.55;ESTAVEL;2023-11-22 18:00:00;stocks;16.4;1.56;16.4;1.56
1700679600000;CEBR6.SA;16.4;16.4;16.33;16.4;16.4;1800;16.4;-0.02;42.46;ESTAVEL;2023-11-22 19:00:00;stocks;16.4;-0.02;16.4;-0.02
1700744400000;CEBR6.SA;16.5;16.5;16.3;16.5;16.5;500;16.4;0.58;45.68;ESTAVEL;2023-11-23 13:00:00;stocks;16.4;0.58;16.4;0.58
1700748000000;CEBR6.SA;16.3;16.7;16.3;16.3;16.3;4700;16.4;-0.63;40.76;ESTAVEL;2023-11-23 14:00:00;stocks;16.4;-0.63;16.4;-0.63
1700751600000;CEBR6.SA;16.3;16.3;16.3;16.3;16.3;1700;16.4;-0.63;40.76;ESTAVEL;2023-11-23 15:00:00;stocks;16.4;-0.63;16.4;-0.63
1700755200000;CEBR6.SA;16.42;16.46;16.4;16.4;16.4;700;16.4;-0.02;44.24;ESTAVEL;2023-11-23 16:00:00;stocks;16.4;-0.02;16.4;-0.02
1700758800000;CEBR6.SA;16.4;16.59;16.32;16.59;16.59;1900;16.4;1.13;50.22;ESTAVEL;2023-11-23 17:00:00;stocks;16.4;1.13;16.4;1.13
1700762400000;CEBR6.SA;16.53;16.54;16.37;16.37;16.37;2400;16.4;-0.21;44.3;ESTAVEL;2023-11-23 18:00:00;stocks;16.4;-0.21;16.4;-0.21
1700766000000;CEBR6.SA;16.54;16.55;16.54;16.55;16.55;800;16.41;0.88;49.54;ESTAVEL;2023-11-23 19:00:00;stocks;16.41;0.88;16.41;0.88
1700830800000;CEBR6.SA;16.76;16.76;16.51;16.51;16.51;4000;16.41;0.63;48.45;ESTAVEL;2023-11-24 13:00:00;stocks;16.41;0.63;16.41;0.63
1700834400000;CEBR6.SA;16.5;16.59;16.5;16.58;16.58;1000;16.41;1.05;50.51;ESTAVEL;2023-11-24 14:00:00;stocks;16.41;1.05;16.41;1.05
1700838000000;CEBR6.SA;16.57;16.59;16.5;16.5;16.5;600;16.41;0.55;48.14;ESTAVEL;2023-11-24 15:00:00;stocks;16.41;0.55;16.41;0.55
1700841600000;CEBR6.SA;16.45;16.57;16.45;16.57;16.57;1200;16.41;0.97;50.33;ESTAVEL;2023-11-24 16:00:00;stocks;16.41;0.97;16.41;0.97
1700845200000;CEBR6.SA;16.57;16.57;16.57;16.57;16.57;500;16.41;0.96;50.33;ESTAVEL;2023-11-24 17:00:00;stocks;16.41;0.96;16.41;0.96
1700848800000;CEBR6.SA;16.57;16.57;16.57;16.57;16.57;400;16.41;0.95;50.33;ESTAVEL;2023-11-24 18:00:00;stocks;16.41;0.95;16.41;0.95
1700852400000;CEBR6.SA;16.52;16.52;16.51;16.52;16.52;1000;16.42;0.64;48.51;ESTAVEL;2023-11-24 19:00:00;stocks;16.42;0.64;16.42;0.64
1701090000000;CEBR6.SA;16.7;16.7;16.7;16.7;16.7;0;16.42;1.72;54.86;ESTAVEL;2023-11-27 13:00:00;stocks;16.42;1.72;16.42;1.72
1701093600000;CEBR6.SA;16.67;16.67;16.55;16.6;16.6;2700;16.42;1.1;51.09;ESTAVEL;2023-11-27 14:00:00;stocks;16.42;1.1;16.42;1.1
1701097200000;CEBR6.SA;16.58;16.58;16.39;16.45;16.45;700;16.42;0.18;45.98;ESTAVEL;2023-11-27 15:00:00;stocks;16.42;0.18;16.42;0.18
1701100800000;CEBR6.SA;16.56;16.56;16.38;16.39;16.39;3400;16.42;-0.18;44.08;ESTAVEL;2023-11-27 16:00:00;stocks;16.42;-0.18;16.42;-0.18
1701104400000;CEBR6.SA;16.26;16.39;16.25;16.25;16.25;800;16.42;-1.02;39.94;ESTAVEL;2023-11-27 17:00:00;stocks;16.42;-1.02;16.42;-1.02
1701108000000;CEBR6.SA;16.39;16.39;16.25;16.26;16.26;800;16.42;-0.95;40.37;ESTAVEL;2023-11-27 18:00:00;stocks;16.42;-0.95;16.42;-0.95
1701111600000;CEBR6.SA;16.26;16.28;16.26;16.27;16.27;400;16.41;-0.88;40.83;ESTAVEL;2023-11-27 19:00:00;stocks;16.41;-0.88;16.41;-0.88
1701176400000;CEBR6.SA;16.31;16.33;16.31;16.32;16.32;1000;16.41;-0.57;43.18;ESTAVEL;2023-11-28 13:00:00;stocks;16.41;-0.57;16.41;-0.57
1701180000000;CEBR6.SA;16.35;16.35;16.35;16.35;16.35;100;16.41;-0.39;44.6;ESTAVEL;2023-11-28 14:00:00;stocks;16.41;-0.39;16.41;-0.39
1701183600000;CEBR6.SA;16.35;16.35;16.35;16.35;16.35;1400;16.41;-0.38;44.6;ESTAVEL;2023-11-28 15:00:00;stocks;16.41;-0.38;16.41;-0.38
1701187200000;CEBR6.SA;16.41;16.44;16.35;16.44;16.44;4000;16.41;0.16;49.03;ESTAVEL;2023-11-28 16:00:00;stocks;16.41;0.16;16.41;0.16
1701190800000;CEBR6.SA;16.4;16.49;16.4;16.44;16.44;400;16.41;0.16;49.03;ESTAVEL;2023-11-28 17:00:00;stocks;16.41;0.16;16.41;0.16
1701194400000;CEBR6.SA;16.44;16.44;16.44;16.44;16.44;100;16.41;0.16;49.03;ESTAVEL;2023-11-28 18:00:00;stocks;16.41;0.16;16.41;0.16
1701198000000;CEBR6.SA;16.43;16.44;16.43;16.44;16.44;800;16.41;0.16;49.03;ESTAVEL;2023-11-28 19:00:00;stocks;16.41;0.16;16.41;0.16
1701262800000;CEBR6.SA;16.53;16.53;16.3;16.5;16.5;2200;16.41;0.52;52.44;ESTAVEL;2023-11-29 13:00:00;stocks;16.41;0.52;16.41;0.52
1701266400000;CEBR6.SA;16.44;16.44;16.44;16.44;16.44;500;16.41;0.15;48.91;ESTAVEL;2023-11-29 14:00:00;stocks;16.41;0.15;16.41;0.15
1701270000000;CEBR6.SA;16.44;16.44;16.25;16.25;16.25;2600;16.41;-0.99;39.79;ESTAVEL;2023-11-29 15:00:00;stocks;16.41;-0.99;16.41;-0.99
1701277200000;CEBR6.SA;16.43;16.43;16.42;16.43;16.43;1100;16.41;0.1;49.42;ESTAVEL;2023-11-29 17:00:00;stocks;16.41;0.1;16.41;0.1
1701280800000;CEBR6.SA;16.3;16.43;16.3;16.43;16.43;0;16.41;0.1;49.42;ESTAVEL;2023-11-29 18:00:00;stocks;16.41;0.1;16.41;0.1
1701284400000;CEBR6.SA;16.42;16.67;16.42;16.67;16.67;11200;16.42;1.55;59.44;ESTAVEL;2023-11-29 19:00:00;stocks;16.42;1.55;16.42;1.55
